mass_B
t	x	y
0.0	-0.05800128781039926	0.0426980164337141
0.03336666666666667	-0.052030973703861116	0.06370369563773634
0.06673333333333334	-0.045148177886125185	0.07530250683333164
0.10010000000000001	-0.03665301847237756	0.07591873364946392
0.13346666666666668	-0.02593276992830712	0.0660969011363372
0.16683333333333333	-0.013144127206248302	0.04394641768601157
0.20020000000000002	2.860318079714874E-4	0.010476972804204454
0.23356666666666667	0.011812294115010058	-0.03426948030561727
0.26693333333333336	0.015183948719955986	-0.0848706182663429
0.3003	0.0022863702041502343	-0.11806146146050928
0.33366666666666667	-0.018339351408207416	-0.10010011679870467
0.3670333333333334	-0.02965693274483694	-0.058697357749893486
0.40040000000000003	-0.033523837307319115	-0.016087266768533448
0.4337666666666667	-0.03345341093542814	0.02030181726024405
0.46713333333333334	-0.03148678036061947	0.04810236002757651
0.5005000000000001	-0.029124899295602802	0.06634433536913356
0.5338666666666667	-0.027453482595534984	0.07419950498413519
0.5672333333333334	-0.026810809085211273	0.07108846243441069
0.6006	-0.026951144384238845	0.05661038866678472
0.6339666666666667	-0.026975323677055574	0.03047786097457933
0.6673333333333333	-0.025388300446501366	-0.006993646741954351
0.7007000000000001	-0.01948865607730904	-0.05333066190378227
0.7340666666666668	-0.005084481834569332	-0.09942127386825733
0.7674333333333334	0.017306948974675662	-0.11590619672504576
0.8008000000000001	0.028299832227528077	-0.08502332879501145
0.8341666666666667	0.024777599697205388	-0.04075773904859814
0.8675333333333334	0.01382633316476023	9.010955156013578E-5
0.9009000000000001	-1.0851665304345559E-5	0.03312447677288011
0.9342666666666667	-0.014092247249852197	0.05657619808779957
0.9676333333333333	-0.02681557816059954	0.06976166313612506
1.0010000000000001	-0.037677249335760665	0.0725200720178436
1.0343666666666667	-0.04692809141375254	0.06409964977784635
1.0677333333333334	-0.05544207145399571	0.04471486354762666
1.1011	-0.06473252107794941	0.014051963681709523
1.1344666666666667	-0.07671705531133599	-0.026485430801490628
1.1678333333333333	-0.09387320567251384	-0.07272197721645063
1.2012	-0.11939941822945532	-0.10999245088549592
1.2345666666666668	-0.14293947520144612	-0.10412182717786478
1.2679333333333334	-0.14777268882882433	-0.06470908765635092
1.3013000000000001	-0.13967350109893384	-0.02183130880239814
1.3346666666666667	-0.12519771623924658	0.015597158469701444
1.3680333333333334	-0.10813785823356176	0.044311960890618896
1.4014000000000002	-0.09063691523203471	0.0632824230946668
1.4347666666666667	-0.07407095783400747	0.07204715621702756
1.4681333333333335	-0.058675819879371593	0.06991562406858198
1.5015	-0.043540568019162396	0.056695810937293784
1.5348666666666668	-0.027006865722848383	0.03256135803858673
1.5682333333333334	-0.0072135290469513835	-0.0018119357026891714
1.6016000000000001	0.017866401865611503	-0.04381478455183013
1.6349666666666667	0.050413842215176974	-0.0850906236419493
1.6683333333333334	0.08671978056060847	-0.10103135829394044
1.7017	0.10488819228504254	-0.0708400823043373
1.7350666666666668	0.1022388871191896	-0.025172123787924883
1.7684333333333335	0.08895799766074297	0.017426636802990836
1.8018000000000003	0.07126937493269281	0.052292534310859784
1.8351666666666668	0.052571253296594955	0.07744739728600308
1.8685333333333334	0.03518818367937848	0.09292503070198666
1.9019000000000001	0.02029941068857355	0.09807107942222937
1.9352666666666667	0.008232095304521181	0.09287205616063504
1.9686333333333335	-0.0019582845844050567	0.07671854958383298
2.0020000000000002	-0.012089159403688599	0.04914246784120091
2.0353666666666665	-0.024338589957601353	0.01058283412321942
2.0687333333333333	-0.04176547688629201	-0.03744369187525609
2.1021	-0.06800386954633564	-0.08783382213614849
2.135466666666667	-0.10487003808216705	-0.11718599015432923
2.1688333333333336	-0.13443484502740422	-0.09423881982245624
2.2022	-0.14503842561952296	-0.04758442175289235
2.2355666666666667	-0.14400964873972782	-0.0010708916024036452
2.2689333333333335	-0.1370054883763276	0.0391725523104407
2.3023000000000002	-0.12716155853025324	0.07057940790485015
2.3356666666666666	-0.1168313350399634	0.09249950207608734
2.3690333333333333	-0.1080202709150585	0.10469429144815004
2.4024	-0.10143286448853428	0.10686865287688169
2.435766666666667	-0.09707155592577393	0.09871997390600726
2.4691333333333336	-0.0942217877556139	0.07947107982066859
2.5025	-0.09084343623568247	0.048244118069491526
2.5358666666666667	-0.08463456670980463	0.0059317900822132286
2.5692333333333335	-0.07188630997424428	-0.04546041350720831
2.6026000000000002	-0.0476629931102035	-0.09728482675423605
2.635966666666667	-0.010486917938073992	-0.11928971055871102
2.6693333333333333	0.01841331694643611	-0.08777160301494574
2.7027	0.031150972032966573	-0.03896095715082115
2.736066666666667	0.03421640532980519	0.008414581310804303
2.7694333333333336	0.03234486934530045	0.048736114993506996
2.8028000000000004	0.0285490669364441	0.08021434884712186
2.8361666666666667	0.024998121729844835	0.10204977780757207
2.8695333333333335	0.023481535918898566	0.11421823252354985
2.9029000000000003	0.0249047298353664	0.11641736605087272
2.936266666666667	0.029932874782803265	0.10862321693820023
2.9696333333333333	0.03772303239962993	0.09011707530659804
3.003	0.04700815235869893	0.059957276065775195
3.036366666666667	0.05519479030014429	0.01797663588018983
3.0697333333333336	0.05770961052507673	-0.0345715231814962
3.1031	0.04711957342170303	-0.0897657691567797
3.1364666666666667	0.01540246832649328	-0.11596983474089101
3.1698333333333335	-0.019742614820672078	-0.08979208023753671
3.2032000000000003	-0.044162505603704716	-0.04644334829361274
3.236566666666667	-0.060702230616131	-0.003267430382379921
3.2699333333333334	-0.07216515631242709	0.033835807875232105
3.3033	-0.0808976132344143	0.06267033207015996
3.336666666666667	-0.08844872810102561	0.08223137970530939
3.3700333333333337	-0.09656392597859786	0.09186053163318977
3.4034	-0.10670504239621426	0.09116666816659694
3.4367666666666667	-0.11898704674659999	0.07952719170693531
3.4701333333333335	-0.1327963319712282	0.05656073513909532
3.5035000000000003	-0.14615774621508532	0.021512311788249805
3.536866666666667	-0.15551477019847015	-0.024298728908652922
3.5702333333333334	-0.15416005340896288	-0.07639162866720273
3.6036000000000006	-0.13288145954277358	-0.1131598436231695
3.636966666666667	-0.0987105405920603	-0.10088194763236968
3.6703333333333337	-0.07167099199202448	-0.06201108109720482
3.7037	-0.051991229211876655	-0.020435484765852885
3.7370666666666668	-0.03667228084355795	0.01609062208688178
3.7704333333333335	-0.023991908104879	0.04494014846114919
3.8038000000000003	-0.012098626374149712	0.06458041250587376
3.837166666666667	4.939453429807505E-4	0.07440895451133822
3.8705333333333334	0.015099187479939102	0.07367395055578399
3.9039	0.03213151160507832	0.06196585293793705
3.937266666666667	0.05099297300611427	0.038848737771742414
3.9706333333333337	0.06962438856827546	0.003954484005207037
4.0040000000000004	0.083593198941873	-0.04116654956890309
4.037366666666667	0.08427724011188653	-0.08808718453136832
4.070733333333333	0.06220510198426388	-0.10551922082860815
4.1041	0.03387708778708276	-0.08032262979159838
4.137466666666667	0.011905200839137708	-0.0428023854364894
4.170833333333333	-0.004934564067968439	-0.00688985274701831
4.2042	-0.01808619697179198	0.022821710640930526
4.237566666666667	-0.02927562653883159	0.04388257454393146
4.270933333333334	-0.03983217549103846	0.05550331460912217
4.3043000000000005	-0.05076232531225672	0.05655988494041142
4.337666666666667	-0.062705470570114	0.04641029367621485
4.371033333333333	-0.0751130286061672	0.02460756096457689
4.4044	-0.0867723788978022	-0.008835208663862282
4.437766666666667	-0.09446547265606825	-0.05220856282876357
4.471133333333333	-0.09249481759072753	-0.09825415362983447
4.5045	-0.0754433743204031	-0.12035437128527982
4.537866666666667	-0.056519622391628443	-0.09668343175583632
4.571233333333334	-0.04722019277099332	-0.05610084352504935
4.6046000000000005	-0.04400689116093465	-0.016616338879555215
4.637966666666667	-0.04360621611881399	0.01599907667371442
4.671333333333333	-0.04439107012932009	0.039536286640603935
4.7047	-0.044635769242585	0.05342154847743669
4.738066666666667	-0.043629432241670985	0.056879016379327935
4.771433333333333	-0.04129184012798626	0.049457007598342345
4.8048	-0.03770269640655294	0.03048612280724411
4.838166666666667	-0.03415931390390109	1.5909333302632778E-4
4.871533333333334	-0.032815153794132024	-0.04053375350682781
4.9049000000000005	-0.037727109710077644	-0.08671912960659622
4.938266666666667	-0.05372520462894809	-0.11968596846060131
4.971633333333334	-0.0723475751706168	-0.1073481889979237
5.005	-0.07878585356824253	-0.06888286412348027
5.038366666666667	-0.07619674102014096	-0.028424671041255845
5.071733333333333	-0.06904420172845777	0.0059480303175554194
5.1051	-0.05972990560999436	0.031580982717814676
5.138466666666667	-0.0499861036682131	0.04750742331857724
5.171833333333334	-0.040565914439948225	0.05294526555674847
5.2052000000000005	-0.03164396850693957	0.04749402860262589
5.238566666666667	-0.022255459907871367	0.03094570753503073
5.271933333333334	-0.011375811303157013	0.003610168702874006
5.3053	0.003125772833679319	-0.03347881284818344
5.338666666666667	0.023208914537904413	-0.07524347319986202
5.372033333333333	0.05055791544993116	-0.10621613384118639
5.4054	0.07292727223085704	-0.09664055465198723
5.438766666666667	0.07603836064591873	-0.05819902657404247
5.472133333333334	0.06660370914653091	-0.017238628526145883
5.5055000000000005	0.05149850798046629	0.017202436393652765
5.538866666666667	0.03453925145354242	0.04277805921469416
5.572233333333335	0.017933553678684544	0.058405664922608014
5.605600000000001	0.002890421921045161	0.0635922955422521
5.638966666666667	-0.010568588553247715	0.058141429720288296
5.6723333333333334	-0.023366487810434267	0.04157009317373617
5.7057	-0.0371526737646366	0.013881588928520872
5.739066666666667	-0.05387825817632913	-0.023817621755710117
5.772433333333334	-0.07617671599328901	-0.0678682961483264
5.8058000000000005	-0.10712316742430944	-0.10677523886250351
5.839166666666667	-0.1402188053383433	-0.1100164742415633
5.872533333333334	-0.15618751135641112	-0.0742250503091601
5.9059	-0.1568613754608021	-0.03049425636579156
5.939266666666667	-0.1493873676464909	0.009042887688640422
5.9726333333333335	-0.1380955092659889	0.040581205621610855
6.006	-0.12535317488779923	0.06270699128653728
6.039366666666667	-0.11304775292004487	0.07480517242376306
6.072733333333334	-0.10221198016910854	0.07665940550086378
6.1061000000000005	-0.09245398058109361	0.06774210131589453
6.139466666666667	-0.08271823725821198	0.04751474774813749
6.172833333333334	-0.07116804804981475	0.01600372842725689
6.2062	-0.055132079140586765	-0.025587659244968308
6.239566666666667	-0.03131867905286351	-0.07274567182103275
6.2729333333333335	0.0034022818143151223	-0.11114751634498915
6.3063	0.03994228373200481	-0.10695032877724886
6.339666666666667	0.05846671358849531	-0.06578174948267534
6.373033333333334	0.06278444928509619	-0.019036588377796648
6.4064000000000005	0.05975192474452695	0.02298428837501576
6.439766666666667	0.05311550813725019	0.05659157179019936
6.473133333333334	0.04583378927989845	0.08104795776673057
6.5065	0.03974782415650213	0.09550850610969752
6.539866666666667	0.03600652727872322	0.09989650362397279
6.5732333333333335	0.035010474088142285	0.09401240522381007
6.6066	0.03646453717564824	0.07741150035554026
6.639966666666667	0.03867381731778374	0.0491444987366203
6.673333333333334	0.039266300511973995	0.009427543162476182
6.7067000000000005	0.0344388855968929	-0.04055868896305198
6.740066666666667	0.01799371754932022	-0.09300731405087981
6.773433333333334	-0.015765109861722026	-0.12038561687183968
6.8068	-0.05056633195448135	-0.09694874374671719
6.840166666666667	-0.073097938197276	-0.05409796529004496
6.8735333333333335	-0.08685150986117035	-0.011259802343631442
6.9069	-0.0953120459556307	0.025623032183549443
6.940266666666667	-0.10072340397512519	0.05432451913426356
6.973633333333334	-0.10510391035223321	0.0735334821477222
7.007000000000001	-0.11016850946422646	0.08275245239833809
7.040366666666667	-0.11680850647481444	0.08160968001118626
7.073733333333334	-0.12527221657221305	0.06942996634544227
7.1071	-0.13438630938629242	0.04594713090798938
7.140466666666667	-0.1423620903779907	0.010660092082566186
7.1738333333333335	-0.14552032146333432	-0.03486805190298031
7.207200000000001	-0.13750983908987413	-0.08529784612586594
7.240566666666667	-0.11090130385466562	-0.1174646969314797
7.273933333333334	-0.07611018700673494	-0.1016936555375304
7.307300000000001	-0.05004033358728849	-0.06260609682678081
7.340666666666667	-0.03174839850038125	-0.02194149995968686
7.374033333333334	-0.017978955307441258	0.013385301370035074
7.4074	-0.0066955344576972164	0.04095535129381747
7.440766666666667	0.003955485156677208	0.0590385227515568
7.4741333333333335	0.015591281789626321	0.06720762048077619
7.5075	0.028965589257690882	0.06463305573144801
7.540866666666667	0.044459763973932476	0.05115687845348993
7.574233333333334	0.06104630764672958	0.026107837189451977
7.607600000000001	0.07605934707040951	-0.010522863512092473
7.640966666666667	0.08467857354856012	-0.0556467585946297
7.674333333333334	0.07758841753987666	-0.09773602343654947
7.7077	0.05040293402364038	-0.10371119538139345
7.741066666666667	0.02224818099061865	-0.07535748510178564
7.7744333333333335	7.53979316865272E-4	-0.03954234701629683
7.8078	-0.015847101941054154	-0.006710585682844827
7.841166666666667	-0.029368856747631622	0.019133903763463966
7.874533333333334	-0.04106379115247366	0.036203350994446326
7.907900000000001	-0.05224997945317367	0.0433464657194666
7.941266666666667	-0.06387532234965704	0.03978460198594436
7.974633333333334	-0.07608213289512128	0.02505348782564709
8.008000000000001	-0.08785575592347622	-0.0011717058618275211
8.041366666666667	-0.09696714038539705	-0.03843360928566686
8.074733333333334	-0.09934914238165321	-0.08210224327358712
8.1081	-0.0882971993516668	-0.11686525396158648
8.141466666666666	-0.06757241835406141	-0.11152422486209379
8.174833333333334	-0.05341625864772187	-0.0769370081033835
8.2082	-0.04684193420284577	-0.038502753802302114
8.241566666666667	-0.04416627297165154	-0.0048845099586818375
8.274933333333333	-0.04355083212777566	0.020290666795474477
8.308300000000001	-0.04294198994679127	0.0362513324312182
8.341666666666667	-0.041586861087097415	0.04178636904795363
8.375033333333334	-0.03927309379495025	0.03673566701400699
8.4084	-0.03603762003975014	0.020271406903586586
8.441766666666666	-0.03289708031737282	-0.007433987627082028
8.475133333333334	-0.03200439678976574	-0.04508124933071217
8.5085	-0.03700546861637927	-0.0882213125538931
8.541866666666667	-0.052628107655360246	-0.11963033178888755
8.575233333333333	-0.07088831884307256	-0.1094975253453826
8.608600000000001	-0.07815147680573353	-0.07359756355306402
8.641966666666667	-0.0765436823009728	-0.035514478824598794
8.675333333333334	-0.07022499463036858	-0.003190683192636712
8.7087	-0.061731299372464354	0.020761107517384247
8.742066666666666	-0.05253966778646718	0.03470292999896585
8.775433333333334	-0.04312311982323569	0.0383888923577384
8.8088	-0.03393602784213223	0.030987468415210606
8.842166666666667	-0.023794730475140136	0.012805591066629374
8.875533333333333	-0.011392002861441486	-0.015645518104695277
8.908900000000001	0.005298486706581618	-0.052461656468664575
8.942266666666667	0.028461541044520478	-0.09057001233455031
8.975633333333334	0.056812104028182264	-0.10899266104332628
9.009	0.0739352648029401	-0.08666232580160582
9.042366666666666	0.07383775514773283	-0.04747257224872098
9.075733333333334	0.06395473561726761	-0.009886302446614537
9.1091	0.04991717862531908	0.02038036054365011
9.142466666666667	0.03484086758348259	0.041449858602159245
9.175833333333333	0.02023424405498553	0.05230899719846521
9.209200000000001	0.00668283344845555	0.052699479534857124
9.242566666666667	-0.005669350349594149	0.04211681644916171
9.275933333333334	-0.018146844004362006	0.020317219103644313
9.3093	-0.032829809556480405	-0.01185299049158034
9.342666666666666	-0.05194485752907502	-0.05267075872826549
9.376033333333334	-0.0787861761972311	-0.09502983223701944
9.4094	-0.11352076222769603	-0.11693910379730943
9.442766666666667	-0.14013009802155885	-0.09482337853216843
9.476133333333333	-0.14985646029210814	-0.05347050418010796
9.509500000000001	-0.14915856363775076	-0.012768837898827767
9.542866666666667	-0.14287852121166034	0.021389637370176295
9.576233333333333	-0.13398077424557975	0.04690160722873457
9.6096	-0.1247140710469446	0.062478526865555384
9.642966666666668	-0.11611635190525099	0.06788985873300113
9.676333333333334	-0.10860256153188125	0.06254259520249156
9.7097	-0.10131070772187489	0.04628090723074002
9.743066666666667	-0.09277433938030238	0.018649458627111648
9.776433333333333	-0.08062880290295538	-0.01970958237281295
9.809800000000001	-0.06163437655727044	-0.0652605209728897
9.843166666666667	-0.031324699103808695	-0.10739582431596284
9.876533333333334	0.0070626022377212605	-0.11608852512232326
9.9099	0.033422486691790265	-0.08229226007804813
9.943266666666668	0.04546080552911047	-0.03745926776059472
9.976633333333334	0.049048225661989964	0.004266583814660607
10.01	0.04840493114502753	0.03855624902985305
10.043366666666667	0.046362558212342364	0.06394384853880075
10.076733333333333	0.04470123543207061	0.07944435939026442
10.110100000000001	0.04476079340638195	0.0848703335361706
10.143466666666667	0.04714901354597023	0.07989061062956698
10.176833333333335	0.05149666268606912	0.06380433706130637
10.2102	0.056306765650600665	0.036342183809233986
10.243566666666668	0.059045293480097016	-0.002719029939861284
10.276933333333334	0.05577175263451406	-0.05083834823438771
10.3103	0.03886113574806371	-0.0989461814421238
10.343666666666667	0.004200906146546779	-0.1160279188968546
10.377033333333333	-0.030140148725499083	-0.08980228033812804
10.410400000000001	-0.054372691852579036	-0.05071862002162608
10.443766666666667	-0.07140124256160191	-0.012840536199109187
10.477133333333335	-0.08400656884863333	0.018639812210578754
10.5105	-0.09396628280152997	0.04161263185402814
10.543866666666668	-0.10323335981226922	0.05500140765946637
10.577233333333334	-0.11287346566516182	0.058141211666174586
10.6106	-0.12363010699468713	0.05023855209916922
10.643966666666667	-0.13478128326953603	0.03112423239527129
10.677333333333333	-0.1448076982734109	5.635704558014654E-4
10.710700000000001	-0.15041191671494403	-0.040221706828287185
10.744066666666667	-0.14584877992559325	-0.08570211062946431
10.777433333333335	-0.12373286130017708	-0.11508516903860683
10.8108	-0.09225469493547578	-0.10227876724253859
10.844166666666668	-0.06746396513125413	-0.06748079973200827
10.877533333333334	-0.04924419161042892	-0.031033593439664386
10.9109	-0.035056145378978276	-9.617386392990479E-6
10.944266666666667	-0.022821197383285585	0.023318494608469298
10.977633333333333	-0.011067321060726387	0.03730251688657937
11.011000000000001	0.0011012502341157804	0.04102609183718303
11.044366666666667	0.014572198959132199	0.03376165324614089
11.077733333333335	0.029052507103559666	0.015435055907029926
11.1111	0.04289922230541443	-0.01436767838188785
11.14446666666667	0.05272953993498186	-0.05348338508426792
11.177833333333334	0.05204272924141484	-0.09457597515315086
11.211200000000002	0.034208032184620984	-0.11241590931520917
11.244566666666667	0.011472724458314931	-0.0914568684196812
11.277933333333333	-0.004888623017998861	-0.05728325344006496
11.311300000000001	-0.015851569581292413	-0.024546774378934877
11.344666666666667	-0.023693938924239377	0.002042953612499898
11.378033333333335	-0.029649800612144617	0.019764107214310378
11.4114	-0.034715954641818925	0.02796901073114838
11.444766666666668	-0.03974603685940714	0.025499651983016514
11.478133333333334	-0.04463116813325951	0.011808886445989708
11.5115	-0.04849882945326972	-0.012776375528501027
11.544866666666667	-0.049490712350756416	-0.047492428213491256
11.578233333333333	-0.044604109791751057	-0.08761227144237632
11.611600000000001	-0.029695451857390864	-0.11771216268761303
11.644966666666667	-0.011979870965415196	-0.11037103042490881
11.678333333333335	-0.004863590614613167	-0.07657009469182302
11.7117	-0.0065335038613404395	-0.03999552484832447
11.745066666666668	-0.01251183310492121	-0.009080110060706303
11.778433333333334	-0.020023369790561796	0.013350745569089828
11.8118	-0.027532691271813736	0.02615234203023481
11.845166666666668	-0.034621178430581434	0.028629280781806987
11.878533333333333	-0.041263207038634564	0.020183142483709837
11.911900000000001	-0.04784556766153497	8.02507476733938E-4
11.945266666666667	-0.056179070283371324	-0.02880689999958297
11.978633333333335	-0.0681876189319306	-0.06624650043810165
12.012	-0.08702853583321529	-0.103361241569141
12.045366666666668	-0.11149272075881	-0.1165420664313116
12.078733333333334	-0.12649051576372827	-0.09199023546268653
12.1121	-0.12798384287698894	-0.05503586659621296
12.145466666666668	-0.12154726935123533	-0.020353963858483537
12.178833333333333	-0.11089844494501327	0.006915174774332289
12.212200000000001	-0.09871107670202472	0.025035935578110735
12.245566666666667	-0.08595058926099236	0.0330451079163388
12.278933333333335	-0.07300243574943022	0.030415380322511953
12.3123	-0.05960441314127285	0.016936429232283168
12.345666666666668	-0.04406969346461309	-0.0070567584974278175
12.379033333333334	-0.024390855334121053	-0.040214950542977246
12.4124	0.0016207297111811014	-0.07801849168734715
12.445766666666668	0.03537374540582061	-0.1069342810345838
12.479133333333333	0.06670144322820593	-0.10027776621203643
12.512500000000001	0.08035608900161972	-0.06373026462338438
12.545866666666667	0.08073874510529977	-0.02299990015996095
12.579233333333335	0.07416264117113658	0.012286009103877893
12.6126	0.06470089960439263	0.0390932525841432
12.645966666666668	0.054743664094486943	0.0564333075311608
12.679333333333334	0.045636516901768176	0.06356736392235574
12.7127	0.03804896704782357	0.06022306764410801
12.746066666666668	0.031656367158999665	0.04582877077765585
12.779433333333333	0.024816542704281352	0.020171609660154965
12.812800000000001	0.015348577356201654	-0.016530157688007474
12.846166666666665	1.9463413165587973E-4	-0.06110952140811399
12.879533333333335	-0.025952411479497672	-0.1047426336382733
12.9129	-0.06318665968352438	-0.11954066471234764
12.946266666666668	-0.09371075387023992	-0.09215290450737962
12.979633333333334	-0.11117386122589618	-0.051332107699345375
13.013	-0.12011811379617265	-0.01227471776480682
13.046366666666668	-0.124203533586903	0.020159433689531714
13.079733333333333	-0.12584112208713877	0.04376655662518508
13.113100000000001	-0.1268214254335141	0.05767729469721153
13.146466666666667	-0.12815523503541953	0.06138996861229251
13.179833333333335	-0.13054980106616837	0.054283146007285066
13.2132	-0.13317216834043366	0.03599718479083258
13.246566666666668	-0.13438279828979183	0.006372355236155702
13.279933333333334	-0.13128116952457553	-0.03369286158521123
13.3133	-0.11944002262061554	-0.0796496946153637
13.346666666666668	-0.09275455522690751	-0.1155859588740149
13.380033333333333	-0.05654591117935959	-0.1112390479737877
13.413400000000001	-0.028612126922825054	-0.07694224865746524
13.446766666666667	-0.00977998286883186	-0.03778290407280532
13.480133333333335	0.003407025496633409	-0.0028376517409364754
13.5135	0.01359553834837579	0.024485600778018368
13.546866666666668	0.022791271686549264	0.042679981370001646
13.580233333333334	0.03239394049571598	0.05104396148093676
13.6136	0.043161707837087504	0.04862333215638545
13.646966666666668	0.05525988969220974	0.03523506267607862
13.680333333333333	0.0675415200577415	0.010640892216868592
13.713700000000001	0.07717977772743168	-0.02509905170700527
13.747066666666667	0.07934727487066684	-0.06770145048026704
13.780433333333335	0.0654012686592843	-0.10320644869283158
13.8138	0.035989170757741995	-0.10311207841852849
13.847166666666668	0.00835190302650024	-0.07551589409560272
13.880533333333334	-0.01281185776686855	-0.043155880195196505
13.9139	-0.02932160020355401	-0.014461120561544416
13.947266666666668	-0.04304160521414313	0.006889486818035917
13.980633333333333	-0.05503200536094516	0.019188295226917063
14.014000000000001	-0.0664597211942054	0.021439471326835602
14.047366666666667	-0.0777672191877507	0.012900779434898368
14.080733333333335	-0.08847575412205605	-0.006599266462396891
14.1141	-0.09704780049998674	-0.0368376793029449
14.147466666666668	-0.10020681061975428	-0.07482666681303757
14.180833333333334	-0.09273105547738553	-0.11016118224395588
14.2142	-0.07360225084040567	-0.1169742212141277
14.247566666666668	-0.057218082115693014	-0.09080834174378655
14.280933333333333	-0.048350158798695864	-0.056126511538711954
14.314300000000001	-0.044152925761544004	-0.02483786525538717
14.347666666666667	-0.04232628563478669	-0.0010127534006621475
14.381033333333335	-0.04100973866679625	0.013844626565026052
14.414400000000002	-0.039790595946600726	0.018684075529541155
14.447766666666668	-0.03813731367703871	0.012828742983392039
14.481133333333334	-0.03611449031365693	-0.003918817452794043
14.5145	-0.03526516001928609	-0.031276030722417525
14.547866666666668	-0.03769667164216339	-0.06707234793289113
14.581233333333333	-0.0471695285890687	-0.10403918909024745
14.614600000000001	-0.06537500270065005	-0.12012393110845332
14.647966666666667	-0.07968730948339942	-0.0994553189468178
14.681333333333335	-0.08344862624265964	-0.06526844505332041
14.7147	-0.08020057814489245	-0.032638096162721786
14.748066666666668	-0.07332673307006438	-0.0069458606652665345
14.781433333333334	-0.06455818618483744	0.009803151149745615
14.8148	-0.054894750915710944	0.016502563948088578
14.848166666666668	-0.044667073204726016	0.012793206804956436
14.881533333333334	-0.033432375778925216	-0.0016210845727794299
14.914900000000001	-0.019801279325463106	-0.026101552479273482
14.948266666666667	-0.001910315468331092	-0.05826021709093071
14.981633333333335	0.022123999494323865	-0.09194578003528131
15.015	0.051114729654866964	-0.1089628955721888
15.048366666666668	0.07106888350228513	-0.08984978721028664
15.081733333333334	0.0749906870992193	-0.05363431934749202
15.1151	0.0691641619370652	-0.01844447620116979
15.148466666666668	0.05868779921016465	0.009750102937861882
15.181833333333334	0.046665573173105934	0.0288145157968972
15.215200000000001	0.034766191724247886	0.03803275561119146
15.248566666666667	0.023257318707602836	0.03662163651276157
15.281933333333335	0.012379232161294662	0.02449408697069666
15.3153	6.856591297852432E-4	0.001168742366737363
15.348666666666668	-0.014094966835664802	-0.032108792593195046
15.382033333333334	-0.03434446270866848	-0.07217047752199118
15.4154	-0.06388198975593312	-0.10899506453331592
15.448766666666668	-0.09962872429276848	-0.11631933927197513
15.482133333333334	-0.12472187807066765	-0.08717833365899857
15.515500000000001	-0.13647148057542624	-0.04809453690567572
15.548866666666667	-0.13998926436061765	-0.011766678311356193
15.582233333333335	-0.13908555769304354	0.017385678727569243
15.6156	-0.1360544359661094	0.037389374217535465
15.648966666666668	-0.13256114836407373	0.04756978591074379
15.682333333333334	-0.12931055877384112	0.04737701047006099
15.7157	-0.12638789454751176	0.036217329883520166
15.749066666666668	-0.12260100305399457	0.013827954869346903
15.782433333333334	-0.11570154662092702	-0.019265757100354164
15.815800000000001	-0.10277385809013573	-0.06086227169834718
15.849166666666667	-0.07894303159295035	-0.10252974698825706
15.882533333333335	-0.043014907888689724	-0.12015180435924316
15.9159	-0.010220089946858413	-0.09694134860892001
15.949266666666668	0.010592627378714803	-0.05812175683169585
15.982633333333336	0.023331876044943023	-0.020218483526906195
16.016000000000002	0.03163476486061911	0.01126028932019768
16.049366666666668	0.03783631245097996	0.03413402657759318
16.082733333333334	0.043790320980671926	0.0475274107357144
16.1161	0.05045852219237257	0.05067458924278498
16.14946666666667	0.05848167942441174	0.04298150777474308
16.182833333333335	0.06701561404061418	0.02408516268930011
16.2162	0.07439747725005619	-0.005946893094406713
16.249566666666666	0.07711764244079733	-0.045450261043287254
16.282933333333332	0.0685614211526272	-0.08807789904536517
16.316300000000002	0.04239521356201881	-0.11072569788003378
16.349666666666668	0.009679917497608326	-0.09571910703160585
16.383033333333334	-0.016855560855350504	-0.06504575132854007
16.4164	-0.037194735240947574	-0.03408711977825002
16.44976666666667	-0.053488123494645656	-0.008602543035811427
16.483133333333335	-0.06718889983832871	0.008647799359210007
16.5165	-0.07959991990478599	0.016521970743860137
16.549866666666667	-0.09156975394080696	0.013976767888092934
16.583233333333332	-0.10330338969874436	5.410759680669619E-4
16.616600000000002	-0.11347693395793135	-0.023625327423195674
16.649966666666668	-0.11960903225123382	-0.057235191883525216
16.683333333333334	-0.11735868578396808	-0.0946405203078346
16.7167	-0.10169633775687592	-0.11753627231518704
16.75006666666667	-0.07989782650776134	-0.10523668065358227
16.783433333333335	-0.06398473526244447	-0.07431364342387586
16.8168	-0.05377632940290933	-0.04273628398298912
16.850166666666667	-0.04689123158451386	-0.016706963219512483
16.883533333333332	-0.041532104478545495	8.145336696508965E-4
16.916900000000002	-0.036534714371564136	0.009031766986016099
16.950266666666668	-0.03133292917775482	0.006939995474380012
16.983633333333334	-0.0259642822075295	-0.005958574744907796
17.017	-0.021253889906659273	-0.029437602121978268
17.05036666666667	-0.019547537146127447	-0.062159966756713314
17.083733333333335	-0.023954608298652424	-0.0982525134714658
17.1171	-0.038432466435286694	-0.12001578639739902
17.150466666666667	-0.05428669797139507	-0.106807227563048
17.183833333333332	-0.06165464310032509	-0.07558406330546491
17.217200000000002	-0.061863766675900767	-0.043920698888995136
17.250566666666668	-0.05810756804712658	-0.01829186452699616
17.283933333333334	-0.05233164708407634	-0.0012111139622955625
17.3173	-0.045268548403050946	0.005976145003649347
17.35066666666667	-0.03746722503638916	0.0031299203384736463
17.384033333333335	-0.02859379738404655	-0.010295569298612195
17.4174	-0.017351481395053603	-0.03365367495486493
17.450766666666667	-0.001891067312518313	-0.06461983073425959
17.484133333333332	0.01948606921885554	-0.09618584856037493
17.517500000000005	0.04525122186789232	-0.11019266583865484
17.550866666666668	0.062174931283099366	-0.09074113333398603
17.584233333333334	0.06466727819120222	-0.05661060689359443
17.6176	0.058492503342991164	-0.02407716371317037
17.65096666666667	0.04827127812797871	0.0013313053196457592
17.684333333333335	0.03651683908864589	0.017585523719355844
17.7177	0.024778851888901388	0.023985069434930506
17.751066666666667	0.013026675275288113	0.019702762379726457
17.784433333333332	9.084259235174752E-4	0.0045476033633004564
17.817800000000002	-0.012595019111359962	-0.020886786557747117
17.851166666666668	-0.030206069192105722	-0.05516418846259469
17.884533333333334	-0.05436597635215029	-0.09251703391804644
17.9179	-0.08735170262588343	-0.11708433674292823
17.95126666666667	-0.1183452568521256	-0.10529280902885169
17.984633333333335	-0.13546126848123063	-0.07097107043863293
18.018	-0.14199727516001032	-0.03431732903016543
18.051366666666667	-0.14242735156434666	-0.0031991356701306373
18.084733333333332	-0.13970516251766796	0.019734334052200653
18.118100000000002	-0.13553821263214838	0.03310291526789222
18.151466666666668	-0.13115301579614475	0.03627651212874172
18.184833333333334	-0.12655107076037986	0.02877478227930319
18.2182	-0.12117676629344215	0.010139957707609726
18.25156666666667	-0.11313702002420539	-0.019137444211830168
18.284933333333335	-0.09965947778822132	-0.05716520052816354
18.3183	-0.07672193204461186	-0.0972436344847224
18.351666666666667	-0.04203773798882732	-0.1197631741131358
18.385033333333332	-0.00779262898837263	-0.10320176979073575
18.418400000000002	0.014676074354850965	-0.06691668606301182
18.451766666666668	0.028446303321110422	-0.02978969102412732
18.485133333333334	0.0370698801477507	0.0015865341794991106
18.5185	0.043307917724603295	0.024564459619575207
18.55186666666667	0.04893226197594858	0.038369785933824785
18.585233333333335	0.05488876984355451	0.04166657669228885
18.6186	0.06172343420001192	0.03422825231762466
18.651966666666667	0.06906917390695178	0.01593674657698879
18.685333333333332	0.07449218642177602	-0.013478515291903193
18.718700000000002	0.07501166530520198	-0.05183358070128985
18.752066666666668	0.0642582398803977	-0.09192652146193209
18.785433333333334	0.03689863054268172	-0.11115986626201024
18.8188	0.00468602815981678	-0.09530535068595247
18.85216666666667	-0.02113608427366198	-0.06573131421938022
18.885533333333335	-0.040983711211812046	-0.03642719983554166
18.9189	-0.05694533276084324	-0.01291461998946758
18.952266666666667	-0.07041756400877192	0.0021605391965179854
18.985633333333332	-0.08258865283993594	0.00795968969619959
19.019000000000002	-0.094160417775554	0.003257727113861242
19.052366666666668	-0.10495641086007135	-0.01223274732027646
19.085733333333334	-0.11351282330956802	-0.037961756344897124
19.1191	-0.11681449488956636	-0.07181093224020124
19.152466666666665	-0.11034274229715552	-0.10533039300318975
19.185833333333335	-0.09160449205085275	-0.11706917857208204
19.2192	-0.07188603961139661	-0.09728282751969242
19.252566666666667	-0.058546256189581536	-0.06677032375398595
19.285933333333336	-0.04997793215889074	-0.03799918572024724
19.319300000000002	-0.044078907716253946	-0.016102719931367415
19.352666666666668	-0.03927666436746968	-0.0031851045707027015
19.386033333333334	-0.034564347037709386	4.2480790858606676E-4
19.4194	-0.03018808481683094	-0.006451934524403791
19.45276666666667	-0.026016254851636667	-0.024079179550341723
19.486133333333335	-0.023795291650189565	-0.05101125841143872
19.5195	-0.02595426487307978	-0.08603393663730646
19.552866666666667	-0.03655617013020146	-0.11510764457236605
19.586233333333332	-0.05324148032782816	-0.11645322512784856
19.619600000000002	-0.06387358783172126	-0.09179622580837021
19.652966666666668	-0.06647405393081124	-0.059203372761313544
19.686333333333334	-0.06378868946042349	-0.03329733998132001
19.7197	-0.05821867670342207	-0.013245484591404899
19.75306666666667	-0.05106652014467544	-0.003247836216933253
19.786433333333335	-0.04287804902267428	-0.003230643931553312
19.8198	-0.03336599637865412	-0.01281004419059395
19.853166666666667	-0.021596003608773284	-0.03566332575291592
19.886533333333336	-0.0062108544557366585	-0.062007870664949116
19.919900000000002	0.015002502080730173	-0.09300434778768485
19.953266666666668	0.04110591120030782	-0.11021234021995902
19.986633333333334	0.06131502071976924	-0.0955579237978767
20.02	0.06722346464824203	-0.06251114934524055
20.05336666666667	0.06371592320753838	-0.030010744235672182
20.086733333333335	0.05523330263915671	-0.004850298411023857
20.1201	0.044608794751951564	0.012263196363985429
20.153466666666667	0.03381419882646164	0.01918731850215072
20.186833333333336	0.022775172456818815	0.015555576095828971
20.220200000000002	0.011407002478236339	0.0015792456423378565
20.253566666666668	-0.001704490146212323	-0.022352266982761826
20.286933333333334	-0.018663902655149	-0.055754887048860835
20.3203	-0.042422262994840754	-0.09190608091439129
20.35366666666667	-0.07508000366478168	-0.1169802996571373
20.387033333333335	-0.10731710751577139	-0.10703021979914945
20.4204	-0.12700531737596127	-0.07470725143634976
20.453766666666667	-0.13649704620682335	-0.03939279283316616
20.487133333333336	-0.13977440176761724	-0.009235996137833657
20.520500000000002	-0.1397084718209351	0.012784105673277812
20.553866666666668	-0.13807822363268724	0.025660694393572603
20.587233333333334	-0.13584722450766562	0.028351049195461997
20.6206	-0.13324913427668128	0.02015271455473361
20.65396666666667	-0.12952435033017945	0.0011188651883316525
20.687333333333335	-0.12264146569972711	-0.028433885638199152
20.7207	-0.10974027813685788	-0.06613252800159247
20.754066666666667	-0.0867213170676912	-0.1032977143070058
20.787433333333333	-0.05209892017908335	-0.11912168568878734
20.820800000000002	-0.019532332096463434	-0.09887703230814526
20.854166666666668	0.002878289606710993	-0.06462802596269368
20.887533333333334	0.01784722204620759	-0.031035986541000704
20.920899999999996	0.02851658530672485	-0.0021943938345534986
20.95426666666667	0.03715755900187334	0.01712387328446746
20.987633333333335	0.045374013057645435	0.02708620924207389
21.021	0.05367524687059211	0.02605438910751845
21.054366666666667	0.0623254811603805	0.014463365922559257
21.087733333333336	0.07016989486977954	-0.008090725787916642
21.121100000000002	0.07449653997040562	-0.04056763813631875
