masse_unten
t	x	y
0.0	473.72375690607714	284.9944751381216
0.03336666666666667	473.7841015395834	285.03023998902114
0.06673333333333334	473.8201810868891	285.5509899956437
0.10010000000000001	473.8077123066032	284.92529496157647
0.13346666666666668	473.7768291153611	285.0161436340643
0.16683333333333333	473.7439761069436	285.04152999219343
0.20020000000000002	473.71380300705096	284.94695200929266
0.23356666666666667	473.6905346114672	285.0413021725579
0.26693333333333336	473.6620089856983	285.0558261944567
0.3003	473.63264580843315	285.143278507068
0.33366666666666667	473.627170488965	285.7974389874432
0.3670333333333334	473.6554638687194	285.91198175426973
0.40040000000000003	473.66113577167744	285.9642435754529
0.4337666666666667	473.63004376946355	286.0364373128673
0.46713333333333334	473.65184059680905	286.04633376054886
0.5005000000000001	473.66284429382085	286.14174979186305
0.5338666666666667	473.6518004340369	286.64409992917507
0.5672333333333334	473.6916772907489	286.9006400551439
0.6006	473.7115371087448	286.95855327410686
0.6339666666666667	473.7222402281873	286.9661101637015
0.6673333333333333	473.7397290009876	285.52568748417536
0.7007000000000001	473.8403931410412	279.9454297330185
0.7340666666666668	474.3318447682159	263.8472795492985
0.7674333333333334	475.1908282510608	232.70435532980036
0.8008000000000001	476.81450051515367	182.01106755394653
0.8341666666666667	479.62857667305434	110.85875312263681
0.8675333333333334	482.2552912519659	24.60814364756493
0.9009000000000001	479.79899641937845	-55.114921422493126
0.9342666666666667	439.69931256620157	-83.87417307857095
0.9676333333333333	343.8634107107664	-73.0464762377942
1.0010000000000001	219.47451725409292	-63.512116793980795
1.0343666666666667	80.74131650572599	-68.67736645404534
1.0677333333333334	-70.26818141146487	-87.56477054753532
1.1011	-237.16528970920263	-109.29192598565714
1.1344666666666667	-415.1403710172517	-112.61222592327726
1.1678333333333333	-577.4022472821034	-63.26201599526007
1.2012	-668.4754942056561	55.26433299576979
1.2345666666666668	-687.7328049278792	192.94400502700546
1.2679333333333334	-666.4245285045833	316.73238960523696
1.3013000000000001	-622.4368978137518	417.30630516159914
1.3346666666666667	-565.4400431274089	492.4259804855717
1.3680333333333334	-507.7481831076341	554.3652619537443
1.4014000000000002	-467.4307095109982	572.0041566522725
1.4347666666666667	-409.4743412158341	592.1628934505904
1.4681333333333335	-354.0378150204597	577.0438408518519
1.5015	-226.00492236834816	524.9468100742656
1.5348666666666668	-151.88314468108365	481.63538930249257
1.5682333333333334	-67.52726572931442	428.452847063999
1.6016000000000001	28.630934906657785	366.11616034111694
1.6349666666666667	134.0155328747087	288.81190961014767
1.6683333333333334	241.96754367484573	187.73827090645807
1.7017	338.00347702728686	58.29829931717677
1.7350666666666668	389.71966779617014	-87.30552375552884
1.7684333333333335	330.6596943203331	-139.95187828501344
1.8018000000000003	229.60965698589462	-62.95765157125629
1.8351666666666668	143.50010707945557	43.79427282199413
1.8685333333333334	74.2241706361774	152.16126387221288
1.9019000000000001	24.73179287624953	254.93331407826724
1.9352666666666667	0.598470974176962	346.31948850740696
1.9686333333333335	2.664510192236321	417.2373969478227
2.0020000000000002	24.354272447052153	461.09538009808693
2.0353666666666665	58.214391213909494	473.07467247895744
2.0687333333333333	97.45601695896585	450.07277296800964
2.1021	134.62731995838294	385.1482133590624
2.135466666666667	153.76344278507258	269.3977638867077
2.1688333333333336	132.82072199054073	106.32576657207733
2.2022	55.08349004923002	-80.1066097657665
2.2355666666666667	-87.00408671639207	-228.4102129323312
2.2689333333333335	-235.3247828630697	-192.28591164905924
2.3023000000000002	-308.37879659497776	-44.67447924986027
2.3356666666666666	-330.88171269907707	111.93307132029952
2.3690333333333333	-317.27730838151956	252.8512460033553
2.4024	-273.387483502177	365.79459713509414
2.435766666666667	-205.8971272637491	438.900144390124
2.4691333333333336	-127.38038856932644	461.1121508542533
2.5025	-54.59699489084824	422.29320402742974
2.5358666666666667	-10.362094907053233	323.97410031972754
2.5692333333333335	-8.524695276128568	179.29666132158195
2.6026000000000002	-50.12008650285361	8.967620066390964
2.635966666666667	-134.81155233875177	-148.67068388759492
2.6693333333333333	-250.9734582746787	-223.2215070987877
2.7027	-304.38281661269	-111.74795371706614
2.736066666666667	-298.5479733511079	34.689290004498844
2.7694333333333336	-261.14112711045163	173.01957448470694
2.8028000000000004	-200.4657997109307	292.9301771949839
2.8361666666666667	-120.07481076213207	387.1013911504415
2.8695333333333335	-20.2388636638525	447.40585820564297
2.9029000000000003	93.05605922247605	462.0031200013407
2.936266666666667	209.6831972289142	428.18515439441296
2.9696333333333333	318.7184621505694	346.424323215769
3.003	408.7234775023535	218.61211406508164
3.036366666666667	459.99380507140813	50.90636311356877
3.0697333333333336	419.3556032147335	-109.90549682111055
3.1031	270.76872741392935	-123.99312428062353
3.1364666666666667	124.39587122540343	-53.40553030593264
3.1698333333333335	2.9045398942366774	36.99111005203508
3.2032000000000003	-92.51777129524271	127.04895896553296
3.236566666666667	-166.2569893245559	205.4756242258875
3.2699333333333334	-228.7704283961657	265.4550203336637
3.3033	-292.8171749397334	308.02834986851826
3.336666666666667	-365.90288779230787	337.8487665610959
3.3700333333333337	-447.85366163685785	356.1054411090562
3.4034	-536.1786648633554	359.91678630174215
3.4367666666666667	-625.6424663648961	343.9796406825334
3.4701333333333335	-708.4373647101443	303.96376921774436
3.5035000000000003	-769.3895905051661	237.87104890988405
3.536866666666667	-773.9186600627856	159.18967222067874
3.5702333333333334	-701.6167808128173	108.1129079483419
3.6036000000000006	-597.1107608749041	83.13958465109499
3.636966666666667	-485.8893550953612	65.66712812882554
3.6703333333333337	-375.36223555660035	45.268776767914915
3.7037	-268.51135506755236	16.064367480038754
3.7370666666666668	-164.1897355445658	-27.926289968415404
3.7704333333333335	-62.2549487294109	-91.12429538219021
3.8038000000000003	32.724704360663054	-169.33727115472198
3.837166666666667	101.77467557505906	-229.99051405849832
3.8705333333333334	137.45530989530016	-200.84131678815947
3.9039	174.02713636332192	-116.41078749705753
3.937266666666667	217.89502792301028	-28.35779199072681
3.9706333333333337	265.0597363880511	46.96590284466504
4.0040000000000004	313.8242996921854	105.78598363466199
4.037366666666667	364.81621328698657	148.9783490525649
4.070733333333333	417.89679810275175	177.2420387102037
4.1041	472.0792333741929	190.59099423676525
4.137466666666667	527.5239924237035	190.10829541106466
4.170833333333333	582.6179528465573	177.42495544142957
4.2042	633.8325079317165	155.62261161589663
4.237566666666667	668.2254581404413	138.1583626483141
4.270933333333334	655.8102827927669	140.35292935430755
4.3043000000000005	591.6486455093545	144.7684886032489
4.337666666666667	500.1376482269043	132.92338108280376
4.371033333333333	395.8882671349156	101.05661693583556
4.4044	283.6534813990147	46.548581899580995
4.437766666666667	157.83668610434506	-29.557180741764114
4.471133333333333	7.064859649000937	-117.89546569860431
4.5045	-174.12632482767867	-190.141404365502
4.537866666666667	-362.89007939730345	-188.6811498913362
4.571233333333334	-490.1726973437703	-80.48653793093217
4.6046000000000005	-550.8385682747414	60.62909961109028
4.637966666666667	-572.3481224227316	193.87553793755978
4.671333333333333	-570.5353737366486	308.0287408039188
4.7047	-555.9751772602301	399.9843805706516
4.738066666666667	-534.8122576793726	470.5763769545918
4.771433333333333	-512.0604660090298	521.2331878272663
4.8048	-482.5497621097367	569.4843145524827
4.838166666666667	-467.4307095109982	589.6430513508008
4.871533333333334	-427.11323591436224	599.7224197499597
4.9049000000000005	-396.87513071688534	572.0041566522725
4.938266666666667	-396.87513071688534	551.8454198539546
4.971633333333334	-393.2005919244166	500.8971547488798
5.005	-379.5892890322102	452.26677677614776
5.038366666666667	-368.7197616334206	387.1111265354709
5.071733333333333	-356.26121533127434	297.31685758163286
5.1051	-329.97885243848896	174.05573261622817
5.138466666666667	-270.15567628744884	17.891141422159535
5.171833333333334	-157.50564171928727	-147.2398766956553
5.2052000000000005	12.744982540319143	-244.15470896121224
5.238566666666667	161.3135270140492	-165.24835914675828
5.271933333333334	243.70054350986084	-20.82826192661605
5.3053	282.7425203894095	124.10716903565208
5.338666666666667	291.6955187177782	252.26816246977728
5.372033333333333	280.75694829130407	356.0236475576979
5.4054	259.03496050291596	433.8524092767138
5.438766666666667	234.31197645976863	488.0186708589728
5.472133333333334	209.67325554172794	523.7946158375997
5.5055000000000005	185.20839433454603	564.4446303529032
5.538866666666667	147.41076283769985	572.0041566522725
5.572233333333335	119.69249974001264	556.885104053534
5.605600000000001	105.03029827825594	527.1803306326474
5.638966666666667	70.61194067774431	495.26575358800943
5.6723333333333334	29.02026026452495	449.3276175357047
5.7057	-20.92837858439907	389.5777472614375
5.739066666666667	-80.03638540321072	313.03051049736416
5.772433333333334	-145.16848987636422	215.06453108064716
5.8058000000000005	-208.8256150719444	91.9209678881075
5.839166666666667	-258.00611295836643	-54.561674842811726
5.872533333333334	-263.2379987982863	-197.09377910121634
5.9059	-199.77967773835007	-207.13216190205253
5.939266666666667	-142.94139067569267	-99.89439233404914
5.9726333333333335	-108.28410759099734	24.212891941541784
6.006	-88.52772831219636	142.88445591457707
6.039366666666667	-81.272797718746	249.07905743026913
6.072733333333334	-86.38599264442837	339.84949462645307
6.1061000000000005	-104.43143295902155	412.0404959074439
6.139466666666667	-133.4299935100089	462.90518842371756
6.172833333333334	-169.69739487215884	491.03907235213046
6.2062	-210.0210523247788	494.50728191665297
6.239566666666667	-253.1611330711853	473.41064137398956
6.2729333333333335	-296.2891972648167	422.1808850612887
6.3063	-332.9715537284428	333.9027383928958
6.339666666666667	-350.14601615536276	202.44675743932612
6.373033333333334	-329.92999002863644	32.73045022566794
6.4064000000000005	-251.811096603622	-149.66236583562863
6.439766666666667	-100.54319938667504	-245.6622539437783
6.473133333333334	42.27336683257954	-162.10978855801
6.5065	133.89596253117998	-26.067693372874828
6.539866666666667	187.7805869422009	110.8501994637229
6.5732333333333335	213.29697126496012	232.41576278322168
6.6066	218.98761920466586	330.90058665423356
6.639966666666667	215.0053726473193	404.85033665324926
6.673333333333334	208.97207701703564	458.268184478647
6.7067000000000005	204.53820958622418	497.2875873499245
6.740066666666667	201.74705456084666	526.3003145235236
6.773433333333334	190.24807853412563	564.4446303529032
6.8068	172.60918383559738	559.4049461533237
6.840166666666667	152.45044703727945	551.8454198539546
6.8735333333333335	132.2917102389615	551.8454198539546
6.9069	104.5734471412743	556.885104053534
6.940266666666667	153.88418068752435	529.9769008135277
6.973633333333334	134.63145878991418	507.10045345417274
7.007000000000001	112.03896601798078	483.0442626825086
7.040366666666667	88.47155274916759	459.61956010154177
7.073733333333334	66.74140931293869	436.0338121049687
7.1071	49.73282631600068	408.07009724220876
7.140466666666667	36.75764256420007	366.8686128057368
7.1738333333333335	20.0844986080142	301.2884882340546
7.207200000000001	-14.495125829710105	206.20018281039165
7.240566666666667	-79.35938597816357	87.35080872272897
7.273933333333334	-177.14085453253574	-40.42240900409297
7.307300000000001	-303.35795840428136	-149.97832798399372
7.340666666666667	-423.8160098063272	-161.00279694856886
7.374033333333334	-456.4855907068859	-46.980989010636904
7.4074	-430.29262933307996	84.0697234645944
7.440766666666667	-374.3471595258177	202.05216997610046
7.4741333333333335	-300.37717020737955	299.89226886811866
7.5075	-214.17645275611858	374.3243842970007
7.540866666666667	-119.43925100784782	424.0124096520097
7.574233333333334	-19.407222774490947	448.20578587441577
7.607600000000001	83.75148094241013	444.1002110292443
7.640966666666667	187.5614342548115	410.2433708429995
7.674333333333334	287.6010340974035	342.16312181952674
7.7077	376.6952158380718	237.22015060708543
7.741066666666667	440.7036374660893	95.88549538128427
7.7744333333333335	445.98306331110416	-63.74288938799805
7.8078	339.47026656381877	-135.608918712599
7.841166666666667	198.4138253938063	-89.91239859127995
7.874533333333334	74.73217950293929	-11.347089785809203
7.907900000000001	-27.32841689418865	72.19223379907987
7.941266666666667	-109.27390296125486	148.03012927338114
7.974633333333334	-177.14743680155198	209.34498532417058
8.008000000000001	-241.24714449983458	251.9967605753019
8.041366666666667	-310.8803211679806	278.7835630465547
8.074733333333334	-390.062573128321	290.9967773600981
8.1081	-477.0625652250585	287.9950704692886
8.141466666666666	-567.2663443170932	266.1615050078283
8.174833333333334	-652.3278801459471	221.59974207425626
8.2082	-716.1584917364405	152.7316103002678
8.241566666666667	-721.5319746340235	78.04797386732707
8.274933333333333	-648.0583081805025	44.72974676868375
8.308300000000001	-546.283102109001	45.02042930319794
8.341666666666667	-441.3419748236936	52.79822196954865
8.375033333333334	-338.96345432539374	57.95771516304205
8.4084	-241.6269678663989	54.32915796507177
8.441766666666666	-147.8630070930576	36.706351557151265
8.475133333333334	-54.36761623217035	-1.0788958978625942
8.5085	39.64776699922504	-61.035901420146274
8.541866666666667	126.94271777306676	-139.19637719542334
8.575233333333333	185.3913783976841	-207.5979598436868
8.608600000000001	196.1829590559064	-188.99131440210067
8.641966666666667	200.77157919192268	-105.84665551140006
8.675333333333334	212.56849639386382	-16.080468975597114
8.7087	227.71420349546315	61.87955393258301
8.742066666666666	243.7172329422874	123.07145253833073
8.775433333333334	260.7257355507927	166.1377725967459
8.8088	277.78201610934	190.9895998227023
8.842166666666667	295.00884946838505	196.3511993681584
8.875533333333333	312.8717028399951	182.64758928371975
8.908900000000001	331.68495773027917	149.00808601226754
8.942266666666667	351.88067138473116	95.06423093538558
8.975633333333334	373.70810299710047	23.048442571561964
9.009	397.87223009718264	-57.536693451485235
9.042366666666666	413.9085022095978	-113.1580210888792
9.075733333333334	381.54862377898735	-98.43735635795633
9.1091	300.28671128964015	-56.52914989781789
9.142466666666667	198.7572414722058	-23.343181588028983
9.175833333333333	89.69959533666952	-7.199544632759398
9.209200000000001	-24.212734509917937	-10.075788802111902
9.242566666666667	-146.3266955625213	-29.190536044472992
9.275933333333334	-281.1463741793086	-55.90998036783867
9.3093	-426.1286779267566	-75.04914620410545
9.342666666666666	-566.2456417056817	-62.10080492920815
9.376033333333334	-654.2968435858872	15.585081404124821
9.4094	-665.6091728329586	128.36791047803354
9.442766666666667	-632.51061144614	233.2034861082999
9.476133333333333	-576.2998329351421	318.0469572097502
9.509500000000001	-507.47292789235485	380.198238460251
9.542866666666667	-432.1105408667968	420.71353862191995
9.576233333333333	-354.6685846076225	441.7206315446051
9.6096	-278.3426120414497	448.04259592453354
9.642966666666668	-205.18567633636803	446.1968223784196
9.676333333333334	-135.2267773954277	442.9901438013806
9.7097	-68.82494269568633	443.912307670161
9.743066666666667	-5.029909300413237	450.4394273092989
9.776433333333333	56.697858351083596	462.0427849632672
9.809800000000001	116.63728410836302	477.0705560801386
9.843166666666667	176.61433492535525	490.86906066217813
9.876533333333334	237.80338821446549	497.7045411352348
9.9099	301.4959446859807	491.62090602435904
9.943266666666668	366.7756907877674	466.8073501726311
9.976633333333334	431.5718142296646	417.51364748980785
10.01	491.7153011357286	338.0431974447423
10.043366666666667	536.978576896317	224.54891378899617
10.076733333333333	548.0657067323218	79.63706987113449
10.110100000000001	484.39652042974103	-63.304875022681244
10.143466666666667	336.5883025628973	-120.18866999965712
10.176833333333335	176.99948801333358	-110.88026646665185
10.2102	31.26868523999201	-81.2903112365425
10.243566666666668	-99.45430047176842	-52.130398062950235
10.276933333333334	-219.51320396318033	-34.323140702006185
10.3103	-333.12693705881975	-33.21356077944074
10.343666666666667	-438.6464153463976	-49.294481251614116
10.377033333333333	-523.0387545160888	-75.25751550809287
10.410400000000001	-558.3170730394379	-80.04119928512478
10.443766666666667	-548.6805270647401	-36.18400622309855
10.477133333333335	-528.2551760709666	24.86848779477134
10.5105	-507.26423054821294	81.20846592354633
10.543866666666668	-486.3798720494956	124.21594173831045
10.577233333333334	-466.18459683753963	150.74976441697663
10.6106	-445.44638966696834	159.80662197508286
10.643966666666667	-425.5986760804212	150.58269335939917
10.677333333333333	-406.13564171210237	121.93719117320597
10.710700000000001	-386.5740061172305	72.16529149855239
10.744066666666667	-368.09915350943766	1.2917314444498516
10.777433333333335	-351.40688516114596	-87.07343113232741
10.8108	-339.1206549215267	-174.0133768866442
10.844166666666668	-317.6189487851361	-199.19239657555727
10.877533333333334	-257.3362780477255	-155.2750947576078
10.9109	-172.12615116983216	-100.88708288847965
10.944266666666667	-75.36531286160289	-57.33643760172663
10.977633333333333	27.02450053341545	-29.678012687922774
11.011000000000001	135.56716927844036	-17.030151418705827
11.044366666666667	251.78520017646588	-14.060348485963232
11.077733333333335	374.8696913828412	-12.670167840430622
11.1111	497.6110654410336	-0.8630071894101548
11.14446666666667	596.6233756042411	41.90140521023932
11.177833333333334	630.0769631918847	125.6163958938638
11.211200000000002	603.7389012781678	214.53151536721703
11.244566666666667	547.4613935851521	286.31416319459447
11.277933333333333	476.65748618567704	336.3191402084399
11.311300000000001	399.5781076682051	365.95393059897117
11.344666666666667	322.5927934938927	376.9130617602017
11.378033333333335	250.00781811995148	373.60959369262446
11.4114	185.9098519727413	360.0129546911176
11.444766666666668	132.57859303968962	336.83393146522894
11.478133333333334	88.12368400371861	300.60773314838275
11.5115	45.93646364855249	244.27952540100205
11.544866666666667	-5.980096499180036	164.0257438666058
11.578233333333333	-79.37674143142885	62.80307889856351
11.611600000000001	-179.30960336840099	-47.688449169357
11.644966666666667	-303.43456464674045	-144.0630234635189
11.678333333333335	-426.0584108838543	-161.19136270329636
11.7117	-471.1173890825703	-60.09852740062411
11.745066666666668	-454.8141500095394	64.02161662837511
11.778433333333334	-408.43325839676345	176.979004800638
11.8118	-345.0289489423467	270.8155263027661
11.845166666666668	-271.0973446079911	343.94301970939694
11.878533333333333	-191.4357467052896	396.14901234627297
11.911900000000001	-110.20683329523808	429.9635431079885
11.945266666666667	-28.437549336517804	448.3971489220495
11.978633333333335	53.88127531727423	450.97463919429754
12.012	137.82938677305128	436.78572224040283
12.045366666666668	222.7711084260136	400.1801861303628
12.078733333333334	305.78276407878184	335.8977506214576
12.1121	380.04124746207253	238.74014873282692
12.145466666666668	433.6544390193476	107.76465093752063
12.178833333333333	440.50554212430825	-45.45622991558321
12.212200000000001	350.53365699679216	-143.04254091652683
12.245566666666667	209.95182954119718	-118.75957997875389
12.278933333333335	82.97387212104059	-51.59772004043111
12.3123	-24.34464367966075	23.10256870892613
12.345666666666668	-114.00014265989876	91.84677967265657
12.379033333333334	-191.33894883539324	146.71072106961992
12.4124	-264.6277377789793	183.95708161714197
12.445766666666668	-342.056242558579	202.26918277375876
12.479133333333333	-425.5839085385717	202.9806386587111
12.512500000000001	-513.2593504464946	183.95271960177843
12.545866666666667	-597.0185477854941	143.41068710595403
12.579233333333335	-661.2482519141688	81.90193541083386
12.6126	-671.3865381415026	20.087536614128112
12.645966666666668	-609.5497635346119	5.354202697855044
12.679333333333334	-523.3820810891407	24.02391970843405
12.7127	-435.4024730616825	48.71056549493608
12.746066666666668	-350.04687116671494	68.06516115446038
12.779433333333333	-268.4164958779229	77.78045858116957
12.812800000000001	-190.5327092983989	73.94715496925926
12.846166666666665	-113.58448521743821	51.357284605027985
12.879533333333335	-34.30155050342228	6.857476246432043
12.9129	45.65122051251774	-61.0161582888536
12.946266666666668	118.00861617150576	-145.86407175495833
12.979633333333334	158.82247164516593	-216.23206280443105
13.013	157.88474892886643	-193.069022794783
13.046366666666668	157.65044520740594	-110.10630270768274
13.079733333333333	165.59358080739548	-22.855237960869772
13.113100000000001	177.73049717137428	53.001690607232376
13.146466666666667	190.71180652008297	112.03298434412636
13.179833333333335	203.706777002968	152.82528117749143
13.2132	216.77138516747345	174.8740877790607
13.246566666666668	229.69776748148615	176.94977690960422
13.279933333333334	242.53690848830456	158.70893164663096
13.3133	255.4663395791581	120.00595351926415
13.346666666666668	269.7828533566844	60.45720526176876
13.380033333333333	286.7653108296081	-17.96467062082661
13.413400000000001	308.0405816804505	-104.091764147184
13.446766666666667	327.3558533304308	-159.9477554754701
13.480133333333335	304.83786132539035	-133.94491072846358
13.5135	237.54211137789662	-75.91812671256844
13.546866666666668	150.99587336479317	-24.990640644625728
13.580233333333334	58.725134363481175	8.982141630904607
13.6136	-35.41546061631425	23.436918316753008
13.646966666666668	-133.08423693743953	19.06607629112591
13.680333333333333	-238.19003887090093	0.7099003556622847
13.713700000000001	-353.16155334353994	-24.953576301310477
13.747066666666667	-474.7792025577587	-46.76112097411328
13.780433333333335	-589.5508763302773	-42.76420164525075
13.8138	-655.1941735229718	17.885274804940764
13.847166666666668	-649.8571310332154	109.38660376296627
13.880533333333334	-604.8561750538622	193.2564997663858
13.9139	-540.9550265211151	258.204327935032
13.947266666666668	-468.14351416824184	303.8740607246572
13.980633333333333	-393.40119056639105	330.59683891907844
14.014000000000001	-322.28760946575176	342.0975970806479
14.047366666666667	-259.24078253527205	342.1111608678758
14.080733333333335	-206.24304526726428	332.8276719419376
14.1141	-163.68421596152484	311.25352508971935
14.147466666666668	-127.21941751284658	273.6755518689272
14.180833333333334	-88.32736389040474	214.70365591271775
14.2142	-36.8723941162325	133.40740508726003
14.247566666666668	34.09269125495166	34.67556158239472
14.280933333333333	126.65077607829517	-70.30377086309409
14.314300000000001	239.10175180102397	-156.74456366983804
14.347666666666667	337.3912286850209	-150.6276597049041
14.381033333333335	357.4381001366082	-46.05280567222553
14.414400000000002	327.7796133223728	69.20036453140813
14.447766666666668	274.56934576519234	170.97282523187755
14.481133333333334	209.7307100933299	254.0011669695565
14.5145	140.82621886995184	317.8951237166934
14.547866666666668	72.90609848665054	365.5788856282352
14.581233333333333	9.807448776157344	400.9851093396991
14.614600000000001	-45.401546795404556	427.9943642641144
14.647966666666667	-93.34500812832721	450.1433762011309
14.681333333333335	-134.63413748988432	467.7156671094706
14.7147	-170.07933211426007	480.0013859926802
14.748066666666668	-201.368616936556	487.05998023634424
14.781433333333334	-231.08098499898097	486.96509978953617
14.8148	-260.1830098997393	477.5577181127633
14.848166666666668	-290.1711592139027	456.1117126876085
14.881533333333334	-321.5504732949721	417.9821935862223
14.914900000000001	-353.05564969038505	356.81702010669056
14.948266666666667	-378.6435890181656	266.0700665412876
14.981633333333335	-388.2760033388381	142.34280421426206
15.015	-367.0890579386448	-10.876103477108927
15.048366666666668	-293.8946449195141	-168.89826235627675
15.081733333333334	-154.17920102345397	-235.96778243792187
15.1151	-19.25372891557572	-162.62475334022724
15.148466666666668	78.89519334438319	-51.12551721068667
15.181833333333334	148.3611206289088	61.00918853700682
15.215200000000001	196.74176843062833	161.0159000859229
15.248566666666667	232.56914165209673	242.2941586822401
15.281933333333335	263.9244165121604	305.0348837987854
15.3153	297.26037054414974	351.06584470507505
15.348666666666668	335.90982514106463	382.8865143107745
15.382033333333334	380.3815884536257	400.97886730880214
15.4154	429.3744361623467	403.9405484667594
15.448766666666668	481.06972108367336	388.8766008258498
15.482133333333334	532.6143409214556	352.00443461852876
15.515500000000001	578.575136504016	290.02440664583787
15.548866666666667	609.509232919333	200.9876587682303
15.582233333333335	606.6699264748872	89.68320618886992
15.6156	540.6740880001021	-14.78810532231887
15.648966666666668	419.5187095732117	-72.52843224127037
15.682333333333334	284.6293381393248	-98.3818226806427
15.7157	153.0122953584405	-113.40568921785143
15.749066666666668	28.405240635761402	-130.4793905290444
15.782433333333334	-88.32045287803521	-155.80312032730944
15.815800000000001	-194.06640657533808	-187.9214485534103
15.849166666666667	-278.26748741787696	-210.8631899269135
15.882533333333335	-334.10481728273135	-191.05696662186847
15.9159	-377.15580580075266	-133.22810094684223
15.949266666666668	-419.7799412679101	-67.80708803848984
15.982633333333336	-463.54129318901414	-9.889401638914705
16.016000000000002	-508.13081711377754	35.12349664987414
16.049366666666668	-553.7554183441098	66.58016911980849
16.082733333333334	-599.3493382061724	84.78917523039036
16.1161	-645.0180271529609	91.0080781869417
16.14946666666667	-687.5017194546112	88.39071224222005
16.182833333333335	-719.4463523328423	84.85480642729317
16.2162	-724.2330611056193	89.94969056342029
16.249566666666666	-691.2638854682159	98.26621784277813
16.282933333333332	-630.3363278775319	97.10500691234074
16.316300000000002	-553.2989970706988	78.88959227945509
16.349666666666668	-466.01057526246746	40.19755781707647
16.383033333333334	-367.3059635582076	-18.993795145665217
16.4164	-250.93034995681637	-95.07462075234412
16.44976666666667	-108.48413917813923	-175.9516377966204
16.483133333333335	61.60423397796649	-227.58193969597846
16.5165	226.06694757236528	-195.46807086675335
16.549866666666667	340.54061756000647	-92.83024322459733
16.583233333333332	410.7455492437939	24.918616702513873
16.616600000000002	453.92870071463676	133.37285765704564
16.649966666666668	481.48713418844955	224.93990359803206
16.683333333333334	500.4729552140652	298.1487233304232
16.7167	515.8306613837208	352.4479050560711
16.75006666666667	530.9380453910389	388.11590940737585
16.783433333333335	546.6035374846979	405.86516099343044
16.8168	562.6796529811036	404.7137405069366
16.850166666666667	578.6053997701324	383.0767398224607
16.883533333333332	592.2638639377819	339.663247784296
16.916900000000002	599.9004719544273	271.42744530461437
16.950266666666668	594.253068258121	177.37116344504534
16.983633333333334	562.3629099105283	60.659827709248475
17.017	483.37176072743796	-59.716460446222754
17.05036666666667	351.0615179662582	-142.80311182058244
17.083733333333335	197.2960366798725	-176.26045143839633
17.1171	47.51196388519429	-183.5744579768109
17.150466666666667	-91.00772362897806	-183.0792732937905
17.183833333333332	-216.52571263664686	-182.37181367711378
17.217200000000002	-325.57886206495914	-180.95665113709106
17.250566666666668	-411.180111209203	-167.2641575182131
17.283933333333334	-471.30173743250725	-128.8212268313864
17.3173	-517.3605473035673	-72.99523288812225
17.35066666666667	-558.2751252062385	-16.040553323269933
17.384033333333335	-597.175612585967	33.24138784333309
17.4174	-634.514673077626	71.2961714193325
17.450766666666667	-670.7612115071547	97.24466230225062
17.484133333333332	-704.42070236786	111.80716767790591
17.517500000000005	-732.5611861736763	117.07820741119053
17.550866666666668	-748.2191593298826	118.35549783645911
17.584233333333334	-740.456520153246	119.05698238959462
17.6176	-705.5816821591484	114.8496289532859
17.65096666666667	-649.100565602047	97.83635552514897
17.684333333333335	-576.5989610338179	62.90935752561768
17.7177	-490.3793130341637	8.33914953669455
17.751066666666667	-388.03507293500843	-64.78986626888423
17.784433333333332	-262.2642162652569	-149.0138224664929
17.817800000000002	-105.9925512176651	-222.41314059738056
17.851166666666668	70.3886462238047	-239.22571860304697
17.884533333333334	223.72309797304933	-177.21824958831257
17.9179	336.02390959471086	-79.36006055886446
17.95126666666667	417.59736200708494	20.97786963143085
17.984633333333335	479.7632470128774	109.76819609913605
18.018	530.2651839816845	181.94116409529704
18.051366666666667	573.7789936708941	236.2048114680523
18.084733333333332	612.7121716428528	271.9961357749081
18.118100000000002	647.4901172260475	288.98351322621113
18.151466666666668	676.2723656952303	286.3386395383659
18.184833333333334	695.7251968539222	264.1015283670174
18.2182	700.6611578281845	222.9514930130656
18.25156666666667	684.642451860439	165.7074153796584
18.284933333333335	643.690647310927	99.72997776804164
18.3183	580.1301208786358	30.67056339510259
18.351666666666667	499.0125209132607	-38.17082658668119
18.385033333333332	406.1328810106479	-104.3831616240559
18.418400000000002	304.5603311764462	-164.18862752628502
18.451766666666668	195.29565955044382	-211.03177254076877
18.485133333333334	78.7505077318151	-236.0899123309007
18.5185	-45.189533992801444	-238.15092563211192
18.55186666666667	-173.88909378639983	-222.65905463075524
18.585233333333335	-303.5731155438848	-193.11381044350537
18.6186	-428.46889841506936	-149.9881939666816
18.651966666666667	-541.1255199401096	-90.99535576463904
18.685333333333332	-631.3620488973709	-17.137879917689588
18.718700000000002	-694.3498656026404	63.78613487098346
18.752066666666668	-732.2568377807347	142.00595640581832
18.785433333333334	-750.6590962063913	209.27942565490707
18.8188	-755.2778404535736	261.30162542943924
18.85216666666667	-750.456990375596	295.81993123575296
18.885533333333335	-739.3103016092148	311.44739043160257
18.9189	-723.2365641002486	307.9006080965918
18.952266666666667	-702.9853205763804	283.832062071309
18.985633333333332	-677.5762337192073	238.00996651986748
19.019000000000002	-644.7376551285208	169.7519695456774
19.052366666666668	-598.4448162980498	78.01514421162415
19.085733333333334	-528.2327901661597	-33.097137698398
19.1191	-418.9009354387956	-146.0649015534757
19.152466666666665	-264.98382453173645	-218.94774867947012
19.185833333333335	-96.93625629035796	-222.22784301825868
19.2192	55.71746785671712	-185.2243853097359
19.252566666666667	188.01316031307897	-137.14895094692088
19.285933333333336	303.34266305171514	-91.86380623968103
19.319300000000002	403.78268505438155	-55.017810711602124
19.352666666666668	487.7023319800828	-26.984888106676408
19.386033333333334	548.652778332927	-2.3023102563975044
19.4194	581.6322091878651	26.965883847177906
19.45276666666667	593.0125424680423	61.2188924197045
19.486133333333335	594.3037071471026	92.46704846977991
19.5195	591.4435361113074	113.72716458110585
19.552866666666667	586.8039413712636	120.78024320851841
19.586233333333332	581.3729566343568	111.84014285345415
19.619600000000002	575.3059631707592	87.51288008482788
19.652966666666668	566.9159754632492	50.331062893838634
19.686333333333334	552.3161550320206	6.018784043874348
19.7197	521.539810742679	-33.279792194760375
19.75306666666667	461.87252056750594	-61.105946618959024
19.786433333333335	374.5074889024959	-86.79261025784945
19.8198	265.7884764499586	-118.15366999516164
19.853166666666667	139.41693773561565	-156.90774019067362
19.886533333333336	-5.194410231943493	-197.11362664468925
19.919900000000002	-165.49053393543545	-220.88426366354247
19.953266666666668	-325.35872817159316	-200.98022890795482
19.986633333333334	-455.51524518635506	-128.8419716209421
20.02	-545.5244906703247	-31.358982460057632
20.05336666666667	-604.9747424925943	65.89057077757002
20.086733333333335	-644.4590227570611	151.00135542429416
20.1201	-671.729160935153	219.76355111044882
20.153466666666667	-691.2646810273732	270.8110371916879
20.186833333333336	-706.389668935991	302.9722779514144
20.220200000000002	-718.4134456986201	316.5052373991483
20.253566666666668	-727.5201521416313	310.92937036765113
20.286933333333334	-732.3404117020207	284.8838781923861
20.3203	-730.2342268123602	236.92572591612384
20.35366666666667	-716.1943574072445	167.42132477335645
20.387033333333335	-682.1455159201882	78.09791700072685
20.4204	-616.8620533295218	-20.887034814328217
20.453766666666667	-513.2505402752342	-109.89143539499992
20.487133333333336	-380.8850666692945	-170.1473116207194
20.520500000000002	-238.28377242970373	-202.97470797495794
20.553866666666668	-98.12287839861665	-218.701947803464
20.587233333333334	33.293928383106504	-223.14596818009977
20.6206	152.20424637179258	-215.7992554899222
20.65396666666667	254.73300464453268	-191.93045919459996
20.687333333333335	341.72926900361745	-149.25113291749858
20.7207	417.87006266389744	-94.93944225373184
20.754066666666667	486.63903017753455	-37.41540674328053
20.787433333333333	548.9252081601603	17.91939543436888
20.820800000000002	604.2921170928594	68.89275305325009
20.854166666666668	650.0031440673265	114.95097842352766
20.887533333333334	681.9818380695656	156.2451309412761
20.920899999999996	695.5763581372257	191.85984658116377
20.95426666666667	689.3438663427196	217.5869715777452
20.987633333333335	666.1185873259033	228.91145880391377
21.021	629.7918544091881	222.21158291770723
21.054366666666667	583.8115629566146	195.87482049832897
21.087733333333336	529.3910905752509	147.8823321504342
21.121100000000002	464.66547910783083	77.24048391818133
21.154466666666668	383.9533252658657	-14.296946806296774
21.187833333333334	276.93390759217573	-119.44481977525106
21.2212	132.5239788657209	-212.83840431092835
21.25456666666667	-39.415367868982685	-243.9494393280288
21.287933333333335	-197.33245730212957	-200.34211741499848
21.3213	-324.19290023064923	-125.83398110957955
21.354666666666667	-425.9972124261776	-48.57227272135697
21.388033333333336	-510.38849943781133	19.113825849886553
21.421400000000002	-582.9731746587472	72.64562532269133
21.454766666666668	-646.1232109183507	109.92243280660966
21.488133333333334	-698.3905982616113	130.49115724874866
21.5215	-735.9555472918657	135.9286983178721
21.55486666666667	-752.4455295338416	130.36027878191067
21.588233333333335	-745.658700621675	119.80100176951896
21.6216	-721.1896684505307	105.11024622710534
21.654966666666667	-686.2914917477767	83.22846588554853
21.688333333333336	-645.377599043923	51.11919274743889
21.721700000000002	-600.3597560923529	7.602492111036099
21.755066666666668	-551.6030302114966	-46.284285727173256
21.788433333333334	-497.3901748246701	-104.86875443108829
21.8218	-433.3786833764111	-155.16281679226472
21.85516666666667	-351.4214490104316	-184.7107062995765
21.888533333333335	-248.9192595506879	-196.3383961394834
21.9219	-129.09800095568244	-200.98478538714267
21.955266666666667	4.408488318003947	-202.25035202522804
21.988633333333336	147.0991891125782	-195.2094717260959
22.022000000000002	290.7589164647352	-168.79829939536512
22.055366666666668	418.2272478186828	-110.15731166025262
22.088733333333334	510.9624277530688	-22.991091616754375
22.1221	567.8957618288841	72.81048336928347
22.15546666666667	598.8841893742692	161.0403922970586
22.188833333333335	613.3032123156236	234.3053296919261
22.2222	617.6268350725236	289.76593317746995
22.255566666666667	615.7451689300906	326.1445343409778
22.28893333333334	610.5367824658069	343.1605238532611
22.322300000000002	602.7394222108446	340.8686781672505
22.355666666666668	592.7541981136856	317.9912874130076
22.389033333333334	579.7700815931121	273.2004283216231
22.422400000000003	560.6459874477482	205.17868160228818
22.45576666666667	528.8818946902793	113.0203806382043
22.489133333333335	473.79274063154844	-0.06741852772120183
22.5225	378.7059372537674	-118.13766457251359
22.555866666666667	234.90011958014384	-197.64813851995427
22.589233333333336	72.831030547497	-212.23944745819563
22.622600000000002	-77.62264111536115	-189.52632896832438
22.655966666666668	-210.3949491617832	-156.0390842941349
22.689333333333334	-327.4201807011732	-125.04696176999278
22.7227	-430.17006394134296	-101.26065599122649
22.75606666666667	-515.0254454752535	-83.919422757745
22.789433333333335	-574.8788889428988	-64.3102119333414
22.8228	-607.151719458444	-33.051348422117826
22.856166666666667	-621.3088107649373	6.770008525201774
22.889533333333336	-628.2390427595565	43.959766145683034
22.922900000000002	-632.2793002948092	70.7704539121263
22.956266666666668	-635.5445969754119	83.66920844345054
22.989633333333334	-638.3371587103525	81.05222443288562
23.023	-640.2512204373859	63.12671270962062
23.05636666666667	-640.2291633821528	32.85794875514466
23.089733333333335	-633.9852442461845	-4.044063413962476
23.1231	-611.1274845025266	-35.80806937871466
23.156466666666667	-559.6941610666113	-56.60004887588275
23.189833333333336	-481.1000823518991	-76.27381890835795
23.223200000000002	-381.93455230022664	-103.27011301834432
23.256566666666668	-265.3905318882644	-140.45974120740993
23.289933333333334	-130.58595123779514	-182.94680930834465
23.3233	22.731314960765303	-215.94119232676553
23.35666666666667	184.4112431703952	-212.40723197072657
23.390033333333335	324.1912400280835	-151.94244759916273
23.4234	422.91304761616993	-56.583192874178394
23.456766666666667	487.9972688363414	43.42505800176161
23.490133333333336	531.2578336377428	133.0235344041423
23.523500000000002	561.500419026017	206.57151505946263
23.556866666666668	583.684869409854	261.90857418173505
23.590233333333334	601.0351740496917	298.92079765688436
23.6236	615.6739460828576	317.0270435081299
23.65696666666667	627.7642963100807	315.9354337615664
23.690333333333335	636.3979384595341	294.1328476596115
23.7237	638.6947349720922	251.05234587615132
23.757066666666667	629.9745202110335	185.2728655207402
23.790433333333336	602.736753464806	98.87862813959134
23.823800000000002	545.0594065717596	0.8363067848642913
23.857166666666668	448.66851868116737	-89.66291883263284
23.890533333333334	321.82646961415594	-153.84563122291434
23.9239	184.53175827625182	-191.4939420776177
23.95726666666667	48.521413223143554	-213.0034528078279
23.990633333333335	-79.57995159572783	-224.64416001868108
24.024	-195.7428449168765	-225.16237301789283
24.05736666666667	-296.5092745069869	-209.63057606022676
24.090733333333336	-383.0943585539617	-174.00767669453944
24.124100000000002	-459.174037565464	-125.05303528531863
24.157466666666668	-528.6160177504541	-72.3284588666736
24.190833333333334	-592.9878433801232	-21.401940111931026
24.2242	-651.331531818842	25.378569109823957
24.25756666666667	-701.3451540092483	67.9826911289465
24.290933333333335	-738.8711258176952	107.02180159027648
24.3243	-758.3586316021056	142.53333387883208
24.357666666666667	-757.3872990512898	171.03173576857694
24.391033333333336	-738.3793182963377	187.10780371226906
24.424400000000002	-705.5077481277201	187.0225622967289
24.457766666666668	-662.2667631972656	168.00099243239788
24.491133333333334	-610.1794243791719	128.15652128048623
24.5245	-548.2252280268513	67.09013582467583
24.55786666666667	-471.6069184300991	-14.842046505333656
24.591233333333335	-371.57027503294375	-111.82189225542379
24.6246	-237.61123748550835	-203.8285201052811
24.657966666666667	-72.81499047584202	-245.6936563460356
24.691333333333336	85.88896885017857	-210.9651831295139
24.724700000000002	214.76479511605248	-137.0707233118212
24.758066666666668	317.69093675856493	-57.07636450250652
24.791433333333334	402.43596184677017	14.759045840767158
24.8248	474.990674983007	72.2872611602005
24.85816666666667	538.8933597442165	113.64904835052539
24.891533333333335	593.9016193885072	138.03174954017777
24.9249	636.7770211459583	145.97014790291655
24.958266666666667	661.6453729347149	140.10945969457816
24.991633333333336	662.7208049228266	126.48638610819148
25.025000000000002	642.1128119246378	109.0838274591215
25.058366666666668	607.4333517970381	86.35761806182643
25.091733333333334	564.7119782175828	55.19839374760272
25.1251	517.4261649793084	13.931845428176075
25.15846666666667	465.9561199431473	-37.9640714647046
25.191833333333335	410.21561836312685	-95.72574406113768
25.2252	347.490599605494	-148.8143354292231
25.258566666666667	270.71740422122	-183.24439009880098
25.291933333333336	174.7279678265313	-197.11743356254942
25.325300000000002	61.63731886952837	-201.1847336707931
25.358666666666668	-64.20923522972998	-202.15891833190722
25.392033333333334	-199.0008173031497	-198.33083591257764
25.4254	-337.1802875484077	-180.98923501809236
25.45876666666667	-466.01749121754483	-137.9601463690144
25.492133333333335	-567.1260265217854	-64.93808841383111
25.5255	-632.8105941722438	23.376134249120014
25.558866666666667	-670.3064815193206	109.1058971117011
25.592233333333336	-688.6210432369201	182.752792487335
25.625600000000002	-694.7226878752315	239.8224648258872
25.658966666666668	-693.387301266273	278.47700145640897
25.69233333333333	-687.5055133622552	298.22743230732533
25.7257	-678.5730055684471	298.8305354729488
25.75906666666667	-667.1935889473257	279.0642327186064
25.792433333333335	-652.2969316371655	238.20791504623048
25.8258	-631.3341291059303	174.95338018060602
25.859166666666667	-598.3256343427456	88.24872202964787
25.892533333333336	-543.1104104690905	-18.44671926054957
25.925900000000002	-450.3351144027731	-129.68816153039666
25.959266666666668	-311.8638514873028	-204.92604240186893
25.992633333333334	-154.45948455945563	-215.8932770643596
26.026	-7.911961916337987	-188.81243166759532
26.05936666666667	121.58794469190889	-150.79811208770593
26.092733333333335	236.1447825879054	-115.40437952090838
26.1261	337.5134079077957	-88.71292775009715
26.159466666666667	423.77107535049936	-70.21731784442454
26.192833333333336	488.008374451078	-54.07692893770559
26.226200000000002	523.7602062308006	-29.806526535155626
26.259566666666668	537.7170342923664	4.792260952521019
26.292933333333334	541.7211975572709	39.689884217386634
26.3263	541.9581591778069	65.8754362610116
26.35966666666667	541.4741274731446	78.5526321720613
26.393033333333335	539.7564375270986	75.9936071477839
26.4264	538.1152547965467	58.035624394671004
26.459766666666667	535.0803301588735	27.053958532538672
26.493133333333336	527.5667279641252	-11.755622782056662
26.526500000000002	506.7276921479656	-46.08104445636195
26.559866666666668	459.43803239050976	-67.0930302850843
26.593233333333334	383.81954792233773	-83.38820320137029
26.6266	287.0607301666678	-105.14049240831673
26.65996666666667	174.43174980946742	-136.29205724501276
26.693333333333335	45.624049048867164	-175.02055100410666
26.7267	-99.76923553289362	-209.00164920423936
26.760066666666667	-254.62078732226973	-215.19529347955495
26.793433333333336	-395.1716081203185	-169.99400499304124
26.826800000000002	-497.3453920820268	-84.04819006508887
26.860166666666668	-564.2330716158715	12.017512884602866
26.893533333333334	-607.2043861291493	100.13665332272694
26.9269	-635.2588263623297	173.30197494888864
26.96026666666667	-654.2698506124195	229.30960293062617
26.993633333333335	-668.1942705775723	266.8835306029473
27.027	-679.1356458903613	285.88821509878744
27.060366666666667	-687.5805406752761	285.8583317832487
27.093733333333336	-693.2216541350044	265.6867329927992
27.127100000000002	-693.3184366427374	224.02185948909926
27.160466666666668	-684.0392674304544	160.28268875211506
27.193833333333338	-657.9110018521562	75.63145320122658
27.2272	-603.3207952696093	-22.14750900878539
27.26056666666667	-509.0627919783492	-112.53078161335907
27.293933333333335	-381.2778435633684	-170.94642554610505
27.3273	-242.0044087219785	-196.26493621981945
27.360666666666667	-106.35637664600927	-203.9537400942827
27.394033333333336	20.682003346147667	-204.9734154307655
27.427400000000002	135.71868092476234	-202.2852331078418
27.460766666666668	234.83143151760123	-192.11723264904685
27.494133333333334	314.79929827265096	-166.1487422830628
27.5275	378.81593599874395	-122.74190538339826
27.56086666666667	433.9357119726492	-71.128687923082
27.594233333333335	484.5549285448669	-21.599168703877012
27.6276	531.7570496350054	21.2968823062738
27.660966666666667	575.7592219984958	56.08203425357635
27.694333333333336	614.5217642609505	82.94406506146186
27.727700000000002	643.8037687959932	103.9591153233348
27.761066666666668	657.1342402472524	121.5813622584543
27.794433333333334	648.5930183755336	134.54316780104296
27.8278	618.7804787451869	137.07274634736882
27.86116666666667	572.6436984524757	124.10608079421843
27.894533333333335	513.8783576431879	92.82318916482927
27.9279	443.858207903284	41.35834599772238
27.961266666666667	360.50207774245973	-29.475382733990955
27.994633333333336	256.5409039067149	-114.79844017127016
28.028000000000002	124.07587044450793	-198.93516579928178
28.061366666666668	-35.892866969212264	-245.09017236202726
28.094733333333334	-193.4866960217505	-220.34560455086125
28.1281	-321.03690274875225	-150.03930949630626
28.16146666666667	-420.07718211362453	-69.42959570914672
28.194833333333335	-498.85892215205445	4.878208082569245
28.2282	-564.2416130041047	66.03086217148757
28.261566666666667	-620.2319245686008	111.11506907960415
28.294933333333336	-668.3294148049993	139.00992745986525
28.328300000000002	-707.5886933355678	149.9022332288373
28.361666666666668	-734.865461157322	144.04976922480182
28.395033333333334	-744.5869559276298	124.93229714033919
28.4284	-733.0740223198075	97.20443676442824
28.46176666666667	-701.4333857841355	64.96027028323078
28.495133333333335	-656.0730849206025	28.10347397950659
28.5285	-601.1955368283488	-14.782525031954492
28.561866666666667	-540.0838798943155	-64.24020008074945
28.595233333333336	-473.18675172710687	-117.88314485171645
28.628600000000002	-399.0322053720936	-168.0787379924675
28.661966666666668	-314.4949116918838	-204.24569861817463
28.695333333333334	-216.19973383554952	-220.63589855985424
28.7287	-104.4407124923755	-222.31738674711482
28.76206666666667	18.1153581625299	-215.38551199955418
28.795433333333335	147.60352993584365	-200.18637817152376
28.828800000000005	277.56410487606354	-171.43858855804206
28.862166666666667	396.9605189997342	-121.97705133180057
28.895533333333336	492.5239162430835	-50.67350371737825
28.928900000000002	557.5897801701121	31.994218764981497
28.962266666666668	596.4899294102215	111.8847910257773
28.995633333333334	616.7659300653895	179.92944165348285
29.029	624.6381829504844	231.923805563335
29.06236666666667	624.5248873855007	265.9290736707586
29.095733333333335	618.8614617012636	280.85750850007
29.1291	609.5744249067047	275.9374190940413
29.162466666666667	595.835931154214	250.8694948542086
29.195833333333336	576.8162314111842	204.00504175869946
29.229200000000002	549.0170383102441	134.96112743179344
29.262566666666668	505.313252837429	44.334699362946935
29.295933333333334	434.80933398600064	-60.243295704334514
29.3293	324.07916858555654	-157.38829790598356
29.36266666666667	177.9500294274003	-210.19806980863927
29.396033333333335	26.028635922249123	-213.91627552618365
29.4294	-113.35016104909073	-193.3102151041469
29.462766666666667	-237.30379986379512	-166.1371395005458
29.496133333333336	-346.2575789109776	-141.84696302201633
29.529500000000002	-439.3713110206686	-121.9892979301751
29.562866666666668	-512.8160935591998	-102.71083084697807
29.596233333333334	-562.2658814413596	-75.91879187116547
29.6296	-591.693015658394	-39.03445954661311
29.66296666666667	-610.346059264029	-0.7182152174029852
29.696333333333335	-624.2926351290478	31.16757532882002
29.7297	-635.72052900384	51.65094061223499
29.763066666666667	-645.5624765701343	58.21699193668428
29.796433333333336	-654.2455053163278	51.80493910878113
29.829800000000002	-659.1940814807083	33.92172302830761
29.863166666666668	-656.1156283469077	10.608350954698153
29.896533333333334	-636.1243572134963	-11.08905427724767
29.9299	-591.2319141934872	-29.949219238802925
29.96326666666667	-523.0623214132133	-48.99303937496029
29.996633333333335	-435.32163214488855	-83.06838483810884
30.03	-330.27539406368487	-128.31378286880454
30.063366666666667	-206.74630185177784	-178.01547794511202
30.096733333333336	-63.170836698819585	-220.73532006783876
30.130100000000002	93.84178587583028	-230.9767360093856
30.163466666666668	238.68477724252898	-188.1352837806187
30.196833333333334	350.61850712304886	-108.15842202019894
30.2302	431.6848722458194	-17.92314848292608
30.26356666666667	491.2000988648233	63.83666642814319
30.296933333333335	536.787820241781	131.10469468724568
30.3303	573.2506995245753	181.37070875775782
30.363666666666667	603.5205018631123	215.14322876687106
30.397033333333336	628.0473677197151	231.86982777262654
30.430400000000002	647.066886252177	230.1040750631837
30.463766666666665	658.6772165464381	209.26159934017755
30.497133333333334	656.7836940160141	167.15272383220065
