masse_oben
t	x	y
0.8341666666666667	465.6195513405073	502.230165967536
0.8675333333333334	431.59542645840156	412.34702848847917
0.9009000000000001	358.1056629031	301.78439236873106
0.9342666666666667	224.55275662263602	190.76813433970506
0.9676333333333333	68.00573580136461	130.51775177502287
1.0010000000000001	-76.24693044462401	117.3556887354934
1.0343666666666667	-202.4053665929432	137.10569907332416
1.0677333333333334	-303.48492362126626	176.69419455333502
1.1011	-373.48116859479205	220.20056930232005
1.1344666666666667	-408.99739523272183	248.3805126020041
1.1678333333333333	-407.22359413093886	246.16416986884803
1.2012	-378.5052902066773	222.70865363298032
1.2345666666666668	-364.6459669724277	213.45091181816525
1.2679333333333334	-368.61410476167885	216.5608840985172
1.3013000000000001	-381.7133302754437	226.2860615973197
1.3346666666666667	-397.44615084173483	238.7181729288434
1.3680333333333334	-410.527077781672	249.68340229405152
1.4014000000000002	-417.28273378114454	255.6623947251195
1.4347666666666667	-416.1798282866266	254.6055439811301
1.4681333333333335	-405.3149605839176	245.19600377330045
1.5015	-382.1026452469114	226.08892273441342
1.5348666666666668	-345.0617195570487	200.08254304148534
1.5682333333333334	-295.63921353866726	172.2144662263584
1.6016000000000001	-237.1750694174102	147.60391645478467
1.6349666666666667	-172.55570284438727	129.02371653579672
1.6683333333333334	-100.49808679064608	118.17360632542608
1.7017	-15.281390481098242	117.72671019491906
1.7350666666666668	96.4275420151057	136.47289324954494
1.7684333333333335	237.27784527147378	197.34209420614582
1.8018000000000003	332.88744239013613	273.9496577502456
1.8351666666666668	376.81339885912894	324.80347146575787
1.8685333333333334	392.2234927982108	346.1984686165847
1.9019000000000001	386.0424821288807	338.02959449819855
1.9352666666666667	357.24163560183297	301.9314476057241
1.9686333333333335	302.70329260944936	247.0801989576754
2.0020000000000002	222.76924258177542	190.70753383597525
2.0353666666666665	123.07566063248032	146.1580392233666
2.0687333333333333	13.413293159495879	120.76011291549139
2.1021	-91.45047213822272	118.12406457228604
2.135466666666667	-176.00730504199055	130.2528401039886
2.1688333333333336	-227.7120603310109	144.48219633494512
2.2022	-237.41124396058285	147.82508253393655
2.2355666666666667	-190.0268087222712	132.6711058753312
2.2689333333333335	-73.28940281833002	116.0124217899384
2.3023000000000002	2.5832527406291774	120.1523059500509
2.3356666666666666	18.450918475798062	121.84798026324415
2.3690333333333333	-9.312284470594932	118.41896292289977
2.4024	-68.31128403686216	116.69948205061593
2.435766666666667	-146.46846419511803	124.2226070693369
2.4691333333333336	-229.10750809361343	144.83935699430515
2.5025	-301.4756386792892	176.07087769315734
2.5358666666666667	-351.72195950755076	205.0592638601953
2.5692333333333335	-374.3244708535667	220.54562932948943
2.6026000000000002	-365.2443169066514	214.21009529862323
2.635966666666667	-316.129714742543	183.00386471393688
2.6693333333333333	-198.4162068593041	134.18733323471167
2.7027	-48.38232927415629	116.22445666343361
2.736066666666667	39.614565703323024	124.65093911305917
2.7694333333333336	88.08306063670716	135.47927782676766
2.8028000000000004	109.6248831543412	141.345092024704
2.8361666666666667	110.53728454945212	142.03005235953805
2.8695333333333335	97.20185770247008	138.16077460270918
2.9029000000000003	79.23678661295298	132.86736133777845
2.936266666666667	65.77634341034081	130.11510894006705
2.9696333333333333	63.59815541393618	129.44474601120424
3.003	78.60894384991298	132.72186155244447
3.036366666666667	119.44533691428387	144.38258184401775
3.0697333333333336	197.76013811200983	176.35788499527513
3.1031	284.9966158548332	231.8441591938839
3.1364666666666667	318.97727956000244	261.4846794029448
3.1698333333333335	310.5266542909294	254.2422206962197
3.2032000000000003	264.87484813908395	218.2566879675923
3.236566666666667	184.7527546627598	171.07560287560585
3.2699333333333334	80.25594872243892	132.86060147902015
3.3033	-31.443899922643595	116.78236884899366
3.336666666666667	-134.6619698422628	122.39498655176567
3.3700333333333337	-221.9998971344894	142.5282346757424
3.4034	-293.33581612945	171.2317044769851
3.4367666666666667	-352.29739580274463	205.05261564646418
3.4701333333333335	-404.24954301418006	244.24750843743743
3.5035000000000003	-453.39826932796063	292.0393112999335
3.536866666666667	-500.4176988243282	352.21703694641826
3.5702333333333334	-533.3461737118523	410.9636266508104
3.6036000000000006	-545.8629917019746	441.14096717979334
3.636966666666667	-543.3340755828449	436.79853365950817
3.6703333333333337	-527.0513533704755	400.669075392762
3.7037	-491.1572153188631	339.44437235690884
3.7370666666666668	-427.6010579098861	264.9066610746338
3.7704333333333335	-333.65183667632255	193.17095461663735
3.8038000000000003	-208.59457401395048	138.59124815164563
3.837166666666667	-47.07792534705732	116.16051726364503
3.8705333333333334	131.27324214617147	148.2204791016253
3.9039	263.4247215759656	217.12488445366392
3.937266666666667	351.3870181809989	294.64570848242226
3.9706333333333337	409.01327833143796	371.2123462725523
4.0040000000000004	444.6108038842267	441.6900026845161
4.037366666666667	464.46541056591286	499.2774497835498
4.070733333333333	474.849016768801	547.0118129381682
4.1041	471.2854218962393	550.5754078107295
4.137466666666667	455.24924496971335	557.7025975558522
4.170833333333333	473.6000778886155	538.3531034871334
4.2042	459.8556631248257	483.7951357962044
4.237566666666667	425.5363024167509	400.63276006880415
4.270933333333334	355.5452223716079	298.38400433905605
4.3043000000000005	262.5860030498252	216.13385430333176
4.337666666666667	159.4754066957812	159.73511582591436
4.371033333333333	49.33305545160965	126.5575324329003
4.4044	-61.1579583675466	116.47158739220572
4.437766666666667	-160.15301432589058	126.90979214684188
4.471133333333333	-234.19475889602927	147.08148941491658
4.5045	-270.91899139301495	161.15101881296465
4.537866666666667	-260.4210559393896	156.05502766231115
4.571233333333334	-224.4140397923893	143.37218649750855
4.6046000000000005	-220.86142651295677	142.86412772175748
4.637966666666667	-246.98391221913425	151.96391240107073
4.671333333333333	-287.5368048920627	169.16586893193113
4.7047	-331.03620739523876	192.17151673796076
4.738066666666667	-369.6619679966793	217.31735334253017
4.771433333333333	-398.7756967595842	240.1743607080063
4.8048	-417.3312095313536	256.54439601448524
4.838166666666667	-425.08453272501765	263.4099381519089
4.871533333333334	-420.14197905424703	258.5392525496575
4.9049000000000005	-401.3640584053205	241.99614096918248
4.938266666666667	-366.66750282896714	215.27509579862829
4.971633333333334	-313.8425246033703	182.4170622919504
5.005	-241.92537138049465	149.86311628919117
5.038366666666667	-155.53375893835118	126.27157725202272
5.071733333333333	-65.35512010179536	116.98906874802532
5.1051	13.71931785066954	121.13639705627457
5.138466666666667	66.49804392122451	130.38861391807416
5.171833333333334	78.92727895183543	133.1250220259406
5.2052000000000005	32.561131516339174	123.22175888787916
5.238566666666667	-55.372540915068384	116.77268839806032
5.271933333333334	-88.35223802508608	118.32300624166623
5.3053	-70.94048722008392	117.23563352100001
5.338666666666667	-19.98291902832443	118.29855822811578
5.372033333333333	50.121314039766276	127.11236237452135
5.4054	125.4314831052825	147.1548268206218
5.438766666666667	194.05559777600047	175.92888769809565
5.472133333333334	250.6828149664898	209.06342209116838
5.5055000000000005	293.11614776777697	240.43863271242964
5.538866666666667	321.8910226883618	266.1226220041173
5.572233333333335	338.4242871879728	282.24892196678985
5.605600000000001	343.5173749864907	287.1358991044125
5.638966666666667	337.69121138114133	281.2176895022232
5.6723333333333334	321.4025507700803	265.31226078649223
5.7057	294.363609658114	241.35334387660816
5.739066666666667	257.45469829190097	213.30707677075463
5.772433333333334	209.72740336186598	184.26318484078456
5.8058000000000005	147.90940409528412	155.30624440054788
5.839166666666667	64.93088284637497	130.16470872869468
5.872533333333334	-54.679953614891474	116.5569510620652
5.9059	-217.4843549436555	140.3338823938888
5.939266666666667	-334.59724775962695	194.23051339869033
5.9726333333333335	-399.0572516475572	240.15770684262276
6.006	-433.50796763448375	271.4901408755149
6.039366666666667	-448.0593199782056	286.88175909311633
6.072733333333334	-446.3875793156692	285.2108629914164
6.1061000000000005	-429.4888261083004	267.6734512734745
6.139466666666667	-398.23480474369217	239.26867841185344
6.172833333333334	-352.52340336307566	205.31455935898146
6.2062	-292.71014711444695	171.37568819290004
6.239566666666667	-221.20048158737518	142.95080886123606
6.2729333333333335	-144.00071088582308	124.38408735360355
6.3063	-71.41028136440127	117.25443710836845
6.339666666666667	-15.407746129340012	118.4823708837539
6.373033333333334	12.140197755896224	120.97490620449071
6.4064000000000005	-1.8714080952886434	119.22793167716242
6.439766666666667	-76.62503253308387	116.25949998813223
6.473133333333334	-166.59049219786039	128.17649699836704
6.5065	-193.19740223918416	134.86340558703432
6.539866666666667	-171.01733052836062	129.4450709074111
6.5732333333333335	-113.18852899042167	120.30650260372215
6.6066	-33.03816129067536	117.31058390486805
6.639966666666667	54.55598532078875	127.85890586123111
6.673333333333334	136.47797158127878	151.00654226420596
6.7067000000000005	204.89488783304114	181.59892717054237
6.740066666666667	257.1654358249334	213.07771960198045
6.773433333333334	293.97534750750674	241.0679718345251
6.8068	315.63986086168006	259.9295030007398
6.840166666666667	323.89139887794136	267.87644026670876
6.8735333333333335	319.1773230877834	263.11670558997844
6.9069	300.38647476133065	246.22275759817694
6.940266666666667	265.68727040117665	219.27436402908097
6.973633333333334	213.5978861346498	186.33506257852713
7.007000000000001	142.7004284458335	153.2753772375732
7.040366666666667	55.36437999333248	128.1406653297817
7.073733333333334	-43.8236311756209	117.21280647617215
7.1071	-146.32088076287164	125.06738093128888
7.140466666666667	-242.2996988423156	150.2779777581083
7.1738333333333335	-322.34737021179944	187.28241549772264
7.207200000000001	-379.406374053872	225.16904957261056
7.240566666666667	-410.2825556881194	250.3261932446747
7.273933333333334	-412.648028062069	252.3665127059021
7.307300000000001	-379.03941387997247	224.2461029836902
7.340666666666667	-284.0354740760172	166.16505208895586
7.374033333333334	-162.96055589340813	127.50281292807887
7.4074	-88.18500956495609	118.33797690315606
7.440766666666667	-42.36287391534324	117.23847344853937
7.4741333333333335	-14.432763370203702	118.62797365067752
7.5075	1.6649607412809928	120.21887728329943
7.540866666666667	10.77598784244583	121.00604903298853
7.574233333333334	15.761638176727956	121.54003924180904
7.607600000000001	19.42171763663646	122.28267823393116
7.640966666666667	24.461194450896528	122.8827382501857
7.674333333333334	34.61059291918582	124.49448197970383
7.7077	55.672103312678246	128.37389932946922
7.741066666666667	94.5057353333118	137.2673920025117
7.7744333333333335	161.53693313921121	160.21823147154907
7.8078	255.41237120376945	210.35172228312507
7.841166666666667	313.06547960799344	256.30741608807483
7.874533333333334	325.6817982769717	269.0717201430238
7.907900000000001	304.83169146765476	250.18169742115936
7.941266666666667	252.61545192333142	210.33956880383158
7.974633333333334	172.49532139999155	165.49975924353936
8.008000000000001	74.89547211148647	132.22019724455407
8.041366666666667	-25.356553463751425	117.59580538198458
8.074733333333334	-117.94530728870905	120.2890547783341
8.1081	-198.35030115794234	135.4980421633246
8.141466666666666	-268.430099075018	159.93331138489782
8.174833333333334	-332.63673183652327	192.58853516763753
8.2082	-395.6878074288611	236.43341784577603
8.241566666666667	-459.42115616875753	297.71333298267086
8.274933333333333	-508.3640948264415	364.33443213712053
8.308300000000001	-530.4522585450568	405.6985146751145
8.341666666666667	-534.2382328970027	414.3269759779122
8.375033333333334	-523.7560677565539	393.42760640028354
8.4084	-496.1389434612772	346.7340657366544
8.441766666666666	-446.51668926521666	284.1009147924878
8.475133333333334	-372.3828360737007	218.29481832579415
8.5085	-274.3860634421949	162.21503444423246
8.541866666666667	-152.6031427258131	124.92050619667094
8.575233333333333	-2.0981205852854146	118.27428001877996
8.608600000000001	163.69337990616532	160.48406860837184
8.641966666666667	283.9365166119542	232.23037660829482
8.675333333333334	360.64627859469874	305.2058502295879
8.7087	409.60507575661813	373.1484900542778
8.742066666666666	440.22488223647633	432.7510820467093
8.775433333333334	458.31313512523275	480.3362328706209
8.8088	467.98824699393936	513.6340653934908
8.842166666666667	472.3671052908435	531.2196355245447
8.875533333333333	472.2973772592095	530.4458841664259
8.908900000000001	467.4221728931452	510.7436935907552
8.942266666666667	455.570777363474	471.25547362808607
8.975633333333334	431.2196647848241	412.22273272832217
9.009	382.7120874134989	332.67218741287
9.042366666666666	289.490524769707	235.32463206222872
9.075733333333334	144.7611421562151	152.48261104427235
9.1091	3.6265958506655807	119.2806574031128
9.142466666666667	-120.46101244690772	120.18788746867477
9.175833333333333	-229.95773448543878	144.656350496423
9.209200000000001	-321.5227576204056	185.55877842309064
9.242566666666667	-390.72187423482137	232.24836190041714
9.275933333333334	-434.5222989316271	271.920671357404
9.3093	-452.3163168024064	290.2646635351307
9.342666666666666	-439.8699272398419	276.30186564253387
9.376033333333334	-392.3193306326998	232.33512647891365
9.4094	-343.2183520457138	198.25239362909974
9.442766666666667	-311.4278025231433	180.19752848264045
9.476133333333333	-290.32072230639915	169.40569861134753
9.509500000000001	-272.4197413916827	161.23286010180328
9.542866666666667	-252.44138528330723	152.91042486557092
9.576233333333333	-225.25797241650207	143.08589076662957
9.6096	-188.0564657165687	132.3253052095614
9.642966666666668	-139.05120319975822	122.45556351142909
9.676333333333334	-79.82245668650194	116.45515719153525
9.7097	-15.386536270004399	117.34249526425924
9.743066666666667	48.11572066963981	125.44486898571085
9.776433333333333	104.60021566784053	139.34138081049372
9.809800000000001	150.01419573316525	154.5218336349089
9.843166666666667	182.36319161845677	168.8679696967473
9.876533333333334	202.2590601201723	179.1628933890882
9.9099	211.4412235037762	184.13641298706432
9.943266666666668	212.22889658404165	184.68910644461351
9.976633333333334	208.26738328106785	182.20597870857495
10.01	203.83492680559038	179.95344288477042
10.043366666666667	205.16073811922297	180.707579440092
10.076733333333333	220.16307927982325	188.50364567673205
10.110100000000001	256.48702051076907	210.25017236254547
10.143466666666667	295.19577092622967	239.3632798688949
10.176833333333335	300.35368749222243	244.0731160066158
10.2102	268.43704721234053	219.60853188957202
10.243566666666668	203.92528061438725	179.26813088366532
10.276933333333334	111.58077894756798	141.10927510526562
10.3103	1.3457411711697205	118.29406602823872
10.343666666666667	-118.23548761377924	119.23050205375301
10.377033333333333	-242.4636240538739	148.4221198074216
10.410400000000001	-364.48681750096284	211.3749884883868
10.443766666666667	-457.3335168808503	295.24472025387314
10.477133333333335	-512.2386844902658	372.2734527491097
10.5105	-542.2985088918122	433.2875279019634
10.543866666666668	-558.1630379445817	477.2869996470993
10.577233333333334	-565.5165121220853	503.70439302668393
10.6106	-567.3374704323767	511.77082718566373
10.643966666666667	-564.4667157771562	501.3382919185655
10.677333333333333	-556.3117647022891	472.8969811825571
10.710700000000001	-539.4980557498297	426.84515377769407
10.744066666666667	-507.4589823199283	364.59276763084847
10.777433333333335	-451.9618850576253	289.758612748823
10.8108	-358.4792943402781	208.09797915129553
10.844166666666668	-210.3050640181891	137.35423192959666
10.877533333333334	-49.38493256693528	115.2457224728094
10.9109	82.58596337124345	133.04598655547755
10.944266666666667	189.83983193651056	172.29570846294837
10.977633333333333	275.16669573186755	224.0593479077284
11.011000000000001	337.684984640905	279.16649693033065
11.044366666666667	378.38703401252224	326.1681358710411
11.077733333333335	398.3364130290224	354.08576365296574
11.1111	397.73590745584625	352.9692828166486
11.14446666666667	371.4853294982727	316.223289574633
11.177833333333334	319.6812661418053	260.9795276926827
11.211200000000002	269.8123675098891	220.2622646002987
11.244566666666667	227.62021691698556	193.17646771282494
11.277933333333333	186.23885324938146	170.9367947691531
11.311300000000001	140.54774334953981	151.15311156658345
11.344666666666667	84.88489097226511	133.582812710302
11.378033333333335	16.77137377226427	120.26788159767341
11.4114	-63.26372499753961	115.96908544499803
11.444766666666668	-150.37301432291906	124.31050072307329
11.478133333333334	-236.0828371474331	146.95974235339014
11.5115	-310.8324649804399	180.12518138876504
11.544866666666667	-367.13223489724487	215.07584801545158
11.578233333333333	-400.3252016495853	240.61635797482654
11.611600000000001	-407.26173281186493	246.44890460400563
11.644966666666667	-381.4100964680715	225.17753265940866
11.678333333333335	-302.23903116852944	174.17638628595245
11.7117	-190.04685955284322	132.4841394441936
11.745066666666668	-116.51710846592323	119.45847655644195
11.778433333333334	-70.98058385111199	116.15123955140137
11.8118	-41.75690691335694	116.07984281441503
11.845166666666668	-21.691697562688205	117.1608862424792
11.878533333333333	-6.323741926698858	118.1489436418886
11.911900000000001	7.376402341896664	119.43979060131056
11.945266666666667	19.433221878716722	121.15826324477678
11.978633333333335	28.52443193105728	122.2010906660343
12.012	34.43707821151065	123.27026973544281
12.045366666666668	38.822172373431385	123.91558071831969
12.078733333333334	45.70252283718219	125.3379401821798
12.1121	60.003311076367936	127.95890350800204
12.145466666666668	88.50600186022211	134.39677853624323
12.178833333333333	141.30602862549404	151.22983653969385
12.212200000000001	224.11594395099155	189.59732645810908
12.245566666666667	287.42928765409306	233.56536446167303
12.278933333333335	304.88668319966837	248.26468852440007
12.3123	287.9672840472267	234.21656287829757
12.345666666666668	241.02602477449273	201.2426989795748
12.379033333333334	168.36368828474406	162.5470283184813
12.4124	79.54853275493042	132.07327878095896
12.445766666666668	-13.631922171573933	117.2144423296553
12.479133333333333	-103.40393037664217	118.03126557863169
12.512500000000001	-186.344652361091	132.0657982977295
12.545866666666667	-264.17409591114665	157.54719552999586
12.579233333333335	-341.59175457023457	197.41154434481678
12.6126	-420.6236173879379	257.4813108412768
12.645966666666668	-484.0232045144003	328.76396802324655
12.679333333333334	-517.0158713389242	380.1298669705543
12.7127	-528.7373068458414	403.3811330739844
12.746066666666668	-526.4754667719467	399.85852228609167
12.779433333333333	-511.4440692546905	372.2756625995328
12.812800000000001	-480.3602560940699	325.1007355244968
12.846166666666665	-429.8884256707968	267.16540284046164
12.879533333333335	-358.8286211250215	208.8968445250091
12.9129	-266.9970172045255	159.13589014004117
12.946266666666668	-152.25204397674042	124.53753643469196
12.979633333333334	-7.270438797535007	117.34093026937472
13.013	152.84359873404583	155.46916041237932
13.046366666666668	268.347005669646	219.40735646771435
13.079733333333333	342.75306388296394	284.3449197180542
13.113100000000001	391.6021694693154	344.15550482554306
13.146466666666667	423.164109572278	395.808377048827
13.179833333333335	442.7856766673731	437.04696309212784
13.2132	453.9366729081221	464.6854937175249
13.246566666666668	458.5323678725572	477.2619073137174
13.279933333333334	457.25363824824035	473.41619781016016
13.3133	449.3792152292149	452.2311742815683
13.346666666666668	431.966787908068	413.1262448284897
13.380033333333333	400.0234427861142	356.92570952823246
13.413400000000001	342.11516113008383	283.5335022806725
13.446766666666667	238.72627203592856	198.85389083471188
13.480133333333335	87.50482768760321	133.62345600590487
13.5135	-50.21011876159082	115.48706524538176
13.546866666666668	-165.40749302692166	127.174239330234
13.580233333333334	-263.98999900894296	157.21733259221998
13.6136	-346.32911918519403	200.1386622336866
13.646966666666668	-410.08904862690224	248.22786765275055
13.680333333333333	-453.3058076206289	291.18541444042137
13.713700000000001	-476.2180615910902	318.7760067947334
13.747066666666667	-478.50093289171105	321.7236338733535
13.780433333333335	-454.42656349945037	291.7573612940221
13.8138	-394.83009189266227	234.27419507384747
13.847166666666668	-329.7198702740084	189.90432676290226
13.880533333333334	-276.4123394749395	162.73123171168578
13.9139	-230.10324264479686	144.59911243107825
13.947266666666668	-183.44689639364378	131.33862500610007
13.980633333333333	-130.57642241948042	121.20221330463215
14.014000000000001	-68.67359818179557	115.7236674881172
14.047366666666667	1.5076596904141297	118.75603221225913
14.080733333333335	77.86640938848814	131.60162718677202
14.1141	153.33948669992333	155.93319621256637
14.147466666666668	220.9059712628814	189.18699057433196
14.180833333333334	274.53296806247454	224.5826669670908
14.2142	310.31874846869823	253.52376690536204
14.247566666666668	325.26031885267366	267.13041347131605
14.280933333333333	316.40930202903246	258.7661173459783
14.314300000000001	273.5176318541344	223.17375127556244
14.347666666666667	173.5974006889237	163.2223350985435
14.381033333333335	58.28145981914895	127.20354879635664
14.414400000000002	-19.2376541739377	117.27315160948183
14.447766666666668	-73.4840027618925	116.20730928519549
14.481133333333334	-114.5463516224072	119.25049708089693
14.5145	-149.51912345686696	124.18873048717109
14.547866666666668	-181.33711924723457	130.8578674337146
14.581233333333333	-211.7231479711595	138.98610195605306
14.614600000000001	-239.41858173026458	148.26036500669682
14.647966666666667	-262.23201007614216	157.09203581669306
14.681333333333335	-277.5324323120026	163.6588205501891
14.7147	-284.11442068152064	166.910610431554
14.748066666666668	-280.9395715692749	165.30076603565658
14.781433333333334	-266.8847143404796	159.08519110079908
14.8148	-241.5602153263012	149.08220656250927
14.848166666666668	-206.1965906453138	137.57367775036414
14.881533333333334	-162.8738771563303	127.08036030264691
14.914900000000001	-115.89942748244994	119.40743076718752
14.948266666666667	-73.418493495451	116.27464915755189
14.981633333333335	-43.53795057076786	116.19969125160236
15.015	-36.36103880272458	116.24224892575222
15.048366666666668	-64.36053781985811	115.8859510027807
15.081733333333334	-141.99007542726804	122.20583939968236
15.1151	-212.81915702434253	139.16408604161876
15.148466666666668	-229.5473115605978	144.86639862507087
15.181833333333334	-206.44209613382327	138.0557810060938
15.215200000000001	-154.59713655516362	125.56796475858147
15.248566666666667	-84.99050452899519	117.2115111898757
15.281933333333335	-9.502420623069156	118.07985324856884
15.3153	60.83531311558136	128.2086287657417
15.348666666666668	120.70368561191435	144.2820975878131
15.382033333333334	168.15368988667615	162.49617369489062
15.4154	202.7994347441554	179.23490302193568
15.448766666666668	227.65455319574858	193.27853257611594
15.482133333333334	245.62405758411387	204.32980806429737
15.515500000000001	260.22937576779714	214.12751592128734
15.548866666666667	275.95002212357986	225.05387249225237
15.582233333333335	297.1214222441113	241.87691138675586
15.6156	324.21595746134926	265.71317191438783
15.648966666666668	341.3154240601989	282.7504227018203
15.682333333333334	333.55144739228945	275.1379195437345
15.7157	298.5673264528368	242.98381058930926
15.749066666666668	235.1277255197274	197.4782032034633
15.782433333333334	143.83970229098486	152.46604296969053
15.815800000000001	27.521745892268427	122.10984926111689
15.849166666666667	-110.11582289504713	118.43115709391122
15.882533333333335	-252.11697863467316	152.34563242918324
15.9159	-365.194399047195	213.44680730363137
15.949266666666668	-441.9312458292827	279.63075822989526
15.982633333333336	-491.3597643681544	340.53043678702124
16.016000000000002	-521.5202729579933	390.3321680294365
16.049366666666668	-538.4844554478452	425.98304911798516
16.082733333333334	-545.6279976036908	442.9841500918195
16.1161	-544.2940183909111	439.8643639213335
16.14946666666667	-533.3834080565505	414.22673932580744
16.182833333333335	-506.97550118477125	364.44598659708186
16.2162	-457.37985784529405	296.29499424737605
16.249566666666666	-388.72616818411234	230.85000343085744
16.282933333333332	-309.7052980748276	179.54161859937346
16.316300000000002	-223.83460391177232	142.64341935374034
16.349666666666668	-134.8877312446648	122.00535386294871
16.383033333333334	-48.39933839375544	116.11074999132035
16.4164	26.628943579853058	121.81174680363455
16.44976666666667	78.37084287589323	132.05401734251262
16.483133333333335	95.60366322582377	136.25219101545594
16.5165	76.49576996158248	131.18943963339933
16.549866666666667	61.17044963199396	128.2127635117153
16.583233333333332	75.69900271620872	131.8211562419138
16.616600000000002	111.00193284636498	141.19621539096852
16.649966666666668	154.97878064397264	157.00565160676427
16.683333333333334	198.5294838641821	177.18995995481578
16.7167	235.53912675075935	197.88746102601857
16.75006666666667	263.8327946757322	216.57732370683755
16.783433333333335	282.5383900749848	230.41318402187653
16.8168	291.6459296971607	237.57152157715564
16.850166666666667	292.4111314567026	238.1461410215927
16.883533333333332	285.5599825563322	232.5434752924715
16.916900000000002	273.87254579823093	224.07582529794058
16.950266666666668	260.3100210722487	214.15101569993135
16.983633333333334	250.4420611630685	207.3403851052076
17.017	248.221313611838	205.47817885376082
17.05036666666667	248.43597608962818	205.35931622548236
17.083733333333335	231.5238140931997	195.11441986951831
17.1171	185.43169101240028	170.30395681471828
17.150466666666667	109.85896977052653	140.4514938973727
17.183833333333332	9.540951018200758	119.57420116524014
17.217200000000002	-107.9913434443506	118.31168150804086
17.250566666666668	-231.40810843067266	145.18185821288932
17.283933333333334	-342.45391184678783	198.25594237253472
17.3173	-424.9916827362754	263.1614238108868
17.35066666666667	-479.5188352783873	324.71788871129183
17.384033333333335	-512.8102123434771	375.2859632917905
17.4174	-531.3031462361369	410.8011531785987
17.450766666666667	-539.3077552162144	428.5524876983867
17.484133333333332	-538.462049519306	426.3585129560211
17.517500000000005	-527.5155977300819	403.0316751933587
17.550866666666668	-502.5943119720582	358.3970783012122
17.584233333333334	-460.1365118669164	300.3081514593706
17.6176	-402.08179946496966	242.23592369387245
17.65096666666667	-332.37905828353064	192.2677431911482
17.684333333333335	-254.61726290143633	154.20774847289232
17.7177	-172.5820482626027	129.0892193422426
17.751066666666667	-94.16112381845141	117.32483535743751
17.784433333333332	-28.639899043657806	116.22679776429942
17.817800000000002	11.810965058087731	119.4414594078653
17.851166666666668	21.436580715766468	120.20113354059356
17.884533333333334	19.155909329415408	120.1666165716461
17.9179	39.409114846291686	123.8223714226682
17.95126666666667	81.94126108553837	132.50883520650586
17.984633333333335	136.96812855127337	149.67576202232993
18.018	193.37600716066027	173.7623430770417
18.051366666666667	244.79238906017326	203.07394112838978
18.084733333333332	287.8171984723858	233.7157667300678
18.118100000000002	322.35875079688503	263.26258344789767
18.151466666666668	348.72792325662704	289.9145790053639
18.184833333333334	368.2479583596387	312.2114230249772
18.2182	381.6267935898777	329.02950604489337
18.25156666666667	389.5937851391045	339.9443337914024
18.284933333333335	389.6809464986577	340.2281976655932
18.3183	379.625936497986	326.31113103033294
18.351666666666667	355.49799074944076	297.31484189026014
18.385033333333332	311.7122714086663	253.28650319480778
18.418400000000002	243.56294452350494	201.66782930595292
18.451766666666668	149.37423562077856	153.64699833488504
18.485133333333334	35.45206407798378	122.54210553248117
18.5185	-81.7483509013532	116.21091363452871
18.55186666666667	-185.95667733675555	131.885558223999
18.585233333333335	-269.2749823802287	160.11396433574657
18.6186	-330.10735618361355	191.0960796987266
18.651966666666667	-370.5279790068221	217.72016231728423
18.685333333333332	-395.39657281770724	236.98446786928497
18.718700000000002	-411.3502339068891	250.87869635580785
18.752066666666668	-423.2172066888338	261.62858438744786
18.785433333333334	-432.05494243753265	270.2896050076951
18.8188	-436.3666868405021	274.9966371143216
18.85216666666667	-435.4097141832883	274.0066411070278
18.885533333333335	-428.0885987622728	266.4471269078632
18.9189	-412.873322203008	252.22914989933247
18.952266666666667	-389.29048778583683	232.19289447270216
18.985633333333332	-357.07648133359044	208.29522460088833
19.019000000000002	-317.59345911542187	184.05203886556666
19.052366666666668	-275.354047801251	162.83134242935398
19.085733333333334	-236.76061374127494	147.3969617896916
19.1191	-210.36953930827394	138.40353325431897
19.152466666666665	-200.43525007290646	135.63468971603146
19.185833333333335	-187.64607471778618	132.2232062820873
19.2192	-149.07609718604817	124.06913234031384
19.252566666666667	-82.52855221673099	116.4190956556364
19.285933333333336	2.6679837670835695	118.31684699435607
19.319300000000002	96.65842261230591	136.015440026291
19.352666666666668	190.75100592038507	172.1441666582873
19.386033333333334	277.6562222122957	225.2655957202092
19.4194	349.2327579296607	289.5287452582852
19.45276666666667	399.51244025364304	353.23452102262786
19.486133333333335	429.6402822912414	404.91909012788744
19.5195	445.58934606654475	439.3134238548657
19.552866666666667	451.7960505786323	455.3542359297678
19.586233333333332	450.9779813148507	453.078725645589
19.619600000000002	441.6256056066777	430.4278196068626
19.652966666666668	420.4279607752542	387.628912600843
19.686333333333334	380.5120142891824	326.80982504790575
19.7197	313.40293517723376	254.3114643048977
19.75306666666667	219.9695266778017	187.07217569531798
19.786433333333335	115.47480155238509	141.61742128096694
19.8198	12.654141980665827	119.34571244056258
19.853166666666667	-80.17514083774904	115.92109401671786
19.886533333333336	-154.43060047889003	125.13021752092686
19.919900000000002	-204.02797231044497	136.56663080231016
19.953266666666668	-226.19719489077443	143.20953645797016
19.986633333333334	-234.39148202618253	145.91970106387743
20.02	-251.97247288646395	153.02676674341257
20.05336666666667	-280.76114499291225	165.25514233138784
20.086733333333335	-315.55893134697	183.1295816385388
20.1201	-349.36274477245297	203.29793851536124
20.153466666666667	-378.0164975430407	223.2959741753544
20.186833333333336	-399.47839186360306	240.37285994643105
20.220200000000002	-412.79487916515427	252.1881355788716
20.253566666666668	-418.6632159077499	257.63027502821416
20.286933333333334	-417.58053196809124	256.8722651007693
20.3203	-409.8279046749999	249.48429211920774
20.35366666666667	-397.406733489272	239.00147025517686
20.387033333333335	-383.0780986555674	227.2466006130755
20.4204	-367.4252457167511	215.3710325779029
20.453766666666667	-350.8459956176057	203.64404034721287
20.487133333333336	-325.00156685987486	187.5735853306412
20.520500000000002	-279.514894210452	164.23981434873423
20.553866666666668	-209.43411377475513	137.81821118300002
20.587233333333334	-116.09498023391006	119.11113282992397
20.6206	-5.8057562850463	117.1567563575116
20.65396666666667	108.6645816759119	139.21893745536573
20.687333333333335	211.57537586045146	182.31270455488306
20.7207	291.63820946112673	235.33262216900624
20.754066666666667	347.6343745278582	287.26951765600876
20.787433333333333	383.61716981225163	330.45535058142957
20.820800000000002	403.58510346159346	359.1929695867959
20.854166666666668	410.78238912902907	370.79418832380634
20.887533333333334	406.8576125164627	364.40279967936056
20.920899999999996	392.73690229416206	343.13852411474517
20.95426666666667	369.65020297312367	313.1110156754645
20.987633333333335	338.21791457692325	278.1396324450592
21.021	298.36923273688626	241.32589340699616
21.054366666666667	249.02528719297425	205.02021060011987
21.087733333333336	191.49866924588105	172.23179809284954
21.121100000000002	128.63047466976968	145.88277273674873
21.154466666666668	67.42981689029875	128.99876197819748
21.187833333333334	17.4331374274052	119.9689398440384
21.2212	-10.594432263926137	117.19128989793973
21.25456666666667	-14.247853681063134	117.04246515881891
21.287933333333335	-20.300818695129237	116.9357614271392
21.3213	-53.86008658714718	115.87432913519245
21.354666666666667	-110.45030928784445	119.23082419694595
21.388033333333336	-179.5988781053902	131.03983917865156
21.421400000000002	-251.18937352183184	153.2898420337484
21.454766666666668	-318.441912943239	185.2669446034825
21.488133333333334	-378.2576255818617	224.2482106568802
21.5215	-429.2164959910249	268.39445965267987
21.55486666666667	-470.42677013936986	314.33529690879857
21.588233333333335	-500.11961112854806	356.11207796143367
21.6216	-517.299797330734	385.1578345847108
21.654966666666667	-523.2583562074155	396.1980471187603
21.688333333333336	-518.4194030925198	387.5019916682236
21.721700000000002	-501.6523410265129	359.0375899246935
21.755066666666668	-469.06541458297283	312.84829987789504
21.788433333333334	-413.35716793134657	253.31831471848568
21.8218	-327.56909452578475	190.02875374810634
21.85516666666667	-215.44984170740645	140.31334551115424
21.888533333333335	-96.50295850829752	117.59378864583778
21.9219	12.12116799443902	119.5788517795167
21.955266666666667	102.23454917581557	137.63213518394525
21.988633333333336	169.04300009044664	161.82221946600515
22.022000000000002	210.7308701997781	182.08968875115534
22.055366666666668	230.4977650939045	193.07365533115967
22.088733333333334	239.2495888085018	198.49832497576074
22.1221	250.56761744038795	205.74337911199922
22.15546666666667	265.7307042005132	216.24655622825804
22.188833333333335	281.67988056153627	228.18743797267098
22.2222	294.60141593391654	238.22775705183108
22.255566666666667	302.02200124475894	244.27070327942067
22.28893333333334	302.4186851923205	244.45792852627113
22.322300000000002	294.75242324274996	238.27739137426067
22.355666666666668	278.8990425355819	226.06404660096894
22.389033333333334	255.4871834180558	209.45079417967338
22.422400000000003	225.99684699235513	190.93935567529957
22.45576666666667	193.95627366944655	173.4294498924761
22.489133333333335	166.32259750684716	160.47158760971655
22.5225	150.65091339665287	154.13846385993668
22.555866666666667	148.0971938794537	152.7867037525989
22.589233333333336	138.6182605351837	149.7359265770334
22.622600000000002	101.68867701931049	137.91655721672527
22.655966666666668	36.71686168657561	123.29640696552872
22.689333333333334	-48.92130006739308	116.0511889070433
22.7227	-146.29718185872935	124.16269346712727
22.75606666666667	-246.480000833757	151.3619070005779
22.789433333333335	-341.7099942199686	198.74862679898035
22.8228	-421.15491246665806	260.3684930698463
22.856166666666667	-476.50657747797436	322.224891537508
22.889533333333336	-510.3464520966427	373.2509545579388
22.922900000000002	-529.2067275431277	408.8402405298434
22.956266666666668	-537.5575961673007	427.3884755449063
22.989633333333334	-537.8388713963402	427.8574622338783
23.023	-529.3664406745588	409.2811827419682
23.05636666666667	-509.15170243148486	371.292715968027
23.089733333333335	-470.74850702703634	315.2056221327721
23.1231	-406.44145731895605	247.3398812705218
23.156466666666667	-317.8848119403792	184.8955076622196
23.189833333333336	-219.2982516034399	142.2892927414107
23.223200000000002	-120.61506396970617	120.37399837606011
23.256566666666668	-29.65762623984665	116.33480753688542
23.289933333333334	45.312584933237304	124.48090074146711
23.3233	97.43083186639115	136.30186378745134
23.35666666666667	121.53925618310313	143.7074802849279
23.390033333333335	125.64608797748042	144.3114820528213
23.4234	135.4096947267608	148.2672963728836
23.456766666666667	159.56444474398904	158.13139436988598
23.490133333333336	192.72505615880073	172.99819925375658
23.523500000000002	227.75026855477245	191.9231916002874
23.556866666666668	259.0062565148164	211.7789437673269
23.590233333333334	283.8395450528715	230.03849697167402
23.6236	300.695112711368	243.29367919775882
23.65696666666667	310.30521698735356	251.7303611984904
23.690333333333335	312.66643480420953	254.15269088470137
23.7237	308.7834175810822	250.57128312697932
23.757066666666667	300.50480981476176	243.1411234318362
23.790433333333336	290.2504007405337	234.87795520690952
23.823800000000002	279.3574405778986	226.3373851163143
23.857166666666668	267.66322763432163	217.69354441876675
23.890533333333334	246.73321990367822	203.44938636420778
23.9239	206.6090042269443	179.81122593979978
23.95726666666667	141.9769937762676	150.997894810023
23.990633333333335	52.981660325134726	126.2654083327613
24.024	-54.34453451023683	116.17990199017618
24.05736666666667	-169.33305412793106	128.5892758725725
24.090733333333336	-275.7256144700623	163.98266952601216
24.124100000000002	-360.53847788106077	212.15417109241173
24.157466666666668	-421.1521878337371	261.5364029063175
24.190833333333334	-460.8357812538695	303.8741037830753
24.2242	-483.4462738460386	333.2706080085084
24.25756666666667	-492.5100709397452	346.2478253173905
24.290933333333335	-489.7730489121691	342.1245371200145
24.3243	-475.9886735951259	322.9951237300624
24.357666666666667	-452.7697198436449	294.7147356661076
24.391033333333336	-421.4208780534609	262.26003822050484
24.424400000000002	-382.40399315599916	228.52510986242606
24.457766666666668	-335.08687740295886	195.94973583795462
24.491133333333334	-279.6344468661632	166.13906714771093
24.5245	-218.95499578183717	142.40830534787187
24.55786666666667	-158.5231052813183	126.55703912352539
24.591233333333335	-107.5665840525462	119.08864551818414
24.6246	-76.2330352629624	116.39304392895849
24.657966666666667	-70.35651204604437	116.1717246369542
24.691333333333336	-70.44371429976536	116.24537377776204
24.724700000000002	-46.48268760268866	116.21219588429113
24.758066666666668	2.6010913904729023	118.81357124024112
24.791433333333334	66.67430176199377	129.02950799429732
24.8248	135.52906545219594	148.4896775438263
24.85816666666667	201.89429928552272	177.4353788763222
24.891533333333335	262.0152427896428	213.64392552074764
24.9249	314.31099866631394	254.63000032935872
24.958266666666667	358.25237305208975	298.34209073555905
24.991633333333336	392.0608749020307	340.9918384399398
25.025000000000002	413.70236405125615	373.9827307709806
25.058366666666668	423.4582726584049	390.9797717000622
25.091733333333334	421.7046084627873	388.2093857401537
25.1251	408.00652186817297	365.42886817280316
25.15846666666667	379.5054868397292	324.2974623484983
25.191833333333335	329.6777331033045	268.61170840487057
25.2252	251.6587590109666	205.94518381614063
25.258566666666667	145.47500744251602	151.81256811194754
25.291933333333336	26.777302531438636	121.6039595241457
25.325300000000002	-84.3745303908945	117.26300626785752
25.358666666666668	-178.20911727750536	131.03811487340027
25.392033333333334	-249.91505812825608	153.23323031580395
25.4254	-297.50735217327565	174.2939420431233
25.45876666666667	-322.00820520470234	187.42880566027384
25.492133333333335	-330.9482367644732	192.9021582113183
25.5255	-338.3164044868495	197.34496756599458
25.558866666666667	-349.1851159943294	204.36170171366246
25.592233333333336	-361.976933803626	213.21450661286394
25.625600000000002	-372.3883283854025	220.62232003619943
25.658966666666668	-378.431664984088	225.18607064539407
25.69233333333333	-378.284253310213	225.10716936826321
25.7257	-370.4709969837711	219.2687148712344
25.75906666666667	-354.54148119950014	208.07433544771249
25.792433333333335	-331.1209683490331	193.23996753821268
25.8258	-302.3331458179855	177.15088018075528
25.859166666666667	-271.1372030006278	162.0088986897117
25.892533333333336	-244.10122320468008	150.9150549404863
25.925900000000002	-228.60127340103736	145.27837688941804
25.959266666666668	-227.7767613002411	145.04267886928585
25.992633333333334	-222.43154054529668	143.24653468241212
26.026	-191.27950908137245	134.2136970501512
26.05936666666667	-132.20551263995003	122.14843946180923
26.092733333333335	-52.13721222307686	116.18722386332229
26.1261	40.30743126619518	124.0818897730664
26.159466666666667	137.05258959237335	149.1797120812908
26.192833333333336	230.80876537176164	193.55104395647498
26.226200000000002	312.45577911180226	253.00734848532113
26.259566666666668	372.1830982287747	315.3370089826762
26.292933333333334	409.7889156035317	368.32900653748777
26.3263	430.9252020665763	406.311582086027
26.35966666666667	440.75937227435224	427.01871772383873
26.393033333333335	441.8982200387618	429.25707760959483
26.4264	434.36573651959316	412.97602222102125
26.459766666666667	414.77744255098105	377.0949631115423
26.493133333333336	377.8915387397319	323.13762728696224
26.526500000000002	315.3809336761087	255.783353501668
26.559866666666668	226.43183961397108	191.0915074809124
26.593233333333334	125.44973406763575	145.46344274116927
26.6266	25.608006044694775	122.21159270193971
26.65996666666667	-66.3977693419738	116.53669905339717
26.693333333333335	-142.77947436011073	124.16628719891332
26.7267	-197.43405579159344	136.27822107245288
26.760066666666667	-225.29175950900117	144.3423549803337
26.793433333333336	-229.40202472580313	145.4549617309537
26.826800000000002	-232.65621190761385	147.07723532527507
26.860166666666668	-248.88774558843488	153.26338624281414
26.893533333333334	-275.34989941727554	164.32962968567517
26.9269	-305.141187453547	179.02824146507152
26.96026666666667	-332.29564317989707	194.2220502903471
26.993633333333335	-354.2639924029295	208.2227608178622
27.027	-368.51441549384185	218.2652755478906
27.060366666666667	-375.3909133667753	223.39186670816952
27.093733333333336	-375.48965291803233	223.53291657694177
27.127100000000002	-369.303411516981	218.7784344626732
27.160466666666668	-358.26351243494423	211.0368595139102
27.193833333333338	-346.4561438687956	203.2124149678736
27.2272	-336.2883251631529	196.75594722602938
27.26056666666667	-329.058795850194	192.18951999175283
27.293933333333335	-317.70489332508305	185.68709583597519
27.3273	-288.34561614706126	170.20415358909855
27.360666666666667	-234.16001266779858	147.6327867047259
27.394033333333336	-155.51822411592184	126.32195322533391
27.427400000000002	-56.77103779009849	116.23438944300648
27.460766666666668	53.8999065130738	126.20939854571316
27.494133333333334	163.88302913686402	159.46784407160334
27.5275	257.2266545109078	210.16986262392066
27.56086666666667	325.775727372908	265.2549622624217
27.594233333333335	371.41805535210597	314.35339212372986
27.6276	399.4035871007518	352.07748634215574
27.660966666666667	413.2742115036426	373.97248934206243
27.694333333333336	415.5407706496153	377.1532101032376
27.727700000000002	405.8181476494492	361.4548434496686
27.761066666666668	383.16167576272437	328.94688983056153
27.794433333333334	347.3440297571451	286.4935137188241
27.8278	301.42540364388606	243.21398015735758
27.86116666666667	246.4722520851342	203.1137328757162
27.894533333333335	184.51590044731074	169.0781883398853
27.9279	117.59164185389545	142.68563293255386
27.961266666666667	51.500972169138095	126.1517038180358
27.994633333333336	-6.220621180033959	118.23924242878127
28.028000000000002	-45.50175237599706	116.28584181978897
28.061366666666668	-59.52408786588467	116.21068490404389
28.094733333333334	-59.46196159366036	116.25443142299969
28.1281	-75.54294939525425	117.22517589126136
28.16146666666667	-114.72676708481686	120.26198352101312
28.194833333333335	-169.21190747990295	129.50045178686622
28.2282	-229.07203609901399	146.2593759568295
28.261566666666667	-287.0546295127906	170.13256383289695
28.294933333333336	-339.4100490044325	199.17566981956003
28.328300000000002	-384.3868554940086	231.0319877325232
28.361666666666668	-422.32836836794013	264.2410786329398
28.395033333333334	-453.10269490255496	296.28108282937137
28.4284	-475.17110217412596	323.2079330944597
28.46176666666667	-487.2492834506063	340.06581294875343
28.495133333333335	-487.51190697166226	340.805775848949
28.5285	-475.20756857126344	323.86163575174555
28.561866666666667	-447.36374492524305	290.1555652739843
28.595233333333336	-399.37017671306194	243.4037991572709
28.628600000000002	-326.0300303963745	191.04543998249414
28.661966666666668	-227.42924450122246	145.38447478818614
28.695333333333334	-115.44785421689585	120.29197117969005
28.7287	-7.263639277891798	118.29756184903232
28.76206666666667	85.81469521626332	134.0305540731377
28.795433333333335	158.444355605091	157.33722235883693
28.828800000000005	208.71359404169561	181.14844505528583
28.862166666666667	238.65116902713498	198.11639705674628
28.895533333333336	254.43083778546043	208.19662032615406
28.928900000000002	265.1759230052139	215.652860545742
28.962266666666668	276.49787335626615	223.49241430892403
28.995633333333334	287.4947362396315	232.19539789385004
29.029	295.6355332663002	238.43072214476348
29.06236666666667	298.8712383124648	241.07642475972227
29.095733333333335	296.41808548680547	239.0331972732015
29.1291	286.6256109150718	231.1956879876746
29.162466666666667	269.5942478612842	218.53337668452775
29.195833333333336	245.68297989679377	202.28516632099803
29.229200000000002	217.4794616228919	185.68489023741375
29.262566666666668	188.42073584403897	170.66882167050636
29.295933333333334	164.75748572091197	159.35853699246775
29.3293	151.0413446582197	154.1306721579046
29.36266666666667	143.1539107160579	151.06878658883198
29.396033333333335	121.63177709515094	143.4839817482444
29.4294	74.5446182196797	130.39057175520992
29.462766666666667	3.917975031939477	118.9650759717216
29.496133333333336	-83.22983198837119	117.38508785857056
29.529500000000002	-178.48143179816907	131.40125462195022
29.562866666666668	-274.17549816638575	164.0996244235181
29.596233333333334	-360.45953874032875	213.22535747716745
29.6296	-427.73566433354426	269.59524940121787
29.66296666666667	-473.26779908674166	321.44072052430977
29.696333333333335	-500.73986393239466	361.30752797190405
29.7297	-514.7245547885618	385.52619149927307
29.763066666666667	-518.5798984657465	393.096604621373
29.796433333333336	-512.8214140556058	382.2974571965299
29.829800000000002	-495.11642588463405	353.11923103355934
29.863166666666668	-461.0635076525141	306.5129266319445
29.896533333333334	-406.0827730295978	249.3136696194033
29.9299	-332.1958600714779	194.6979333849696
29.96326666666667	-248.50170788802825	156.00796474281623
29.996633333333335	-162.4018469686498	129.91197784136443
30.03	-80.1454669975351	116.38814354321738
30.063366666666667	-9.749326889466829	116.23173860538304
30.096733333333336	41.60158070749867	123.52893609375121
30.130100000000002	68.7647383956778	129.52217669304946
30.163466666666668	78.5253584892771	131.2102713252333
30.196833333333334	92.78380762299184	135.12364744449917
30.2302	121.79674121164862	145.29770771972875
30.26356666666667	160.56781354948998	159.14413690041556
30.296933333333335	202.37424680636923	177.85846206465345
30.3303	241.0770611202811	199.2846281098486
30.363666666666667	274.34487239046575	221.8815563918892
30.397033333333336	300.46952504485216	243.8373754774919
30.430400000000002	320.50474086160057	262.9832368193909
30.463766666666665	334.6728131969594	277.2450666828652
30.497133333333334	342.67867150302027	283.3455451021406
