0.8 	 -0.016 	 -0.296 	 0.07999999999999999 	 -0.46
0.899999999999989 	 -0.126968114560473 	 -0.2678639540605615 	 0.04871486984416404 	 -0.34030350810860954
0.999999999999978 	 -0.17570965604579422 	 -0.2387427837072121 	 0.002262403942342256 	 -0.3053606931879153
1.099999999999967 	 -0.1779582870762889 	 -0.23707139865633967 	 -0.04103594441475569 	 -0.36884496231793945
1.199999999999956 	 -0.08302845150166872 	 -0.28456682210200657 	 -0.11378072809844417 	 -0.4720936134789067
1.299999999999945 	 0.059009732229184014 	 -0.290499314116643 	 -0.11728994733536288 	 -0.36142478898595987
1.399999999999934 	 0.12570179654060962 	 -0.26846053405754666 	 -0.06302793298591988 	 -0.2906661457996948
1.499999999999923 	 0.1592164561967308 	 -0.2500442362386194 	 -0.01784257793814975 	 -0.31905219542611607
1.599999999999912 	 0.13162950273866367 	 -0.26560435615548955 	 0.04227136800905505 	 -0.4333157861703968
1.699999999999901 	 -0.01626332445964483 	 -0.29598564876953126 	 0.12349331103691934 	 -0.4247493192464189
1.79999999999989 	 -0.08878765619728164 	 -0.28282282812211834 	 0.10061075201887713 	 -0.2983226011909502
1.899999999999879 	 -0.12144241127927244 	 -0.27041401728215947 	 0.06847389924542793 	 -0.263796238448926
1.9999999999998679 	 -0.1292894420469748 	 -0.2667512702409905 	 0.051001717514880196 	 -0.32681038931413176
2.1000000000000787 	 -0.06601216945817234 	 -0.288988569814492 	 0.0042457698883319045 	 -0.46555533327461474
2.2000000000002897 	 0.0792121052216154 	 -0.2856526603873308 	 -0.07401397247995814 	 -0.3980527009219826
2.3000000000005008 	 0.1147306121080665 	 -0.27332926415828285 	 -0.07516064676947067 	 -0.2806306203271175
2.400000000000712 	 0.11355318327687237 	 -0.27382051524253803 	 -0.0758140709931285 	 -0.2579446527386975
2.500000000000923 	 0.09093380881726439 	 -0.28214011131702843 	 -0.09244392015738316 	 -0.33198595884819915
2.600000000001134 	 -0.003497265065939436 	 -0.29641148617598906 	 -0.06937477043634366 	 -0.4746589385734143
2.700000000001345 	 -0.12880130471801826 	 -0.266987310378108 	 0.018296260593773928 	 -0.3872965214940614
2.800000000001556 	 -0.1368135357047474 	 -0.2629715886706505 	 0.05185422964646455 	 -0.28569765998489305
2.900000000001767 	 -0.10403271448275457 	 -0.27757736636359537 	 0.08598858698444549 	 -0.2795534707918773
3.000000000001978 	 -0.0443929799085104 	 -0.29308917300856163 	 0.1290165656483886 	 -0.3708138763515129
3.100000000002189 	 0.09854100058204833 	 -0.279574088935811 	 0.09401933343801196 	 -0.4695518627048457
3.2000000000024 	 0.16886074895417502 	 -0.24363507026418646 	 0.01448785565381866 	 -0.35445478788734597
3.300000000002611 	 0.15113513313992377 	 -0.25501014005481726 	 -0.03438092866238071 	 -0.29619012079016427
3.400000000002822 	 0.09259052632597761 	 -0.28160077136733563 	 -0.08926734943383557 	 -0.33673436388703604
3.500000000003033 	 -0.023577150816814153 	 -0.29549300830876046 	 -0.12155270463509804 	 -0.4583204963259886
3.600000000003244 	 -0.16573733883148722 	 -0.24577049155066763 	 -0.05681623301502972 	 -0.40148880360072836
3.700000000003455 	 -0.18857099979709463 	 -0.22872030525409007 	 -0.01849562100183827 	 -0.31349273902621955
3.8000000000036662 	 -0.1590972309210246 	 -0.25012011337208007 	 0.017527745510847514 	 -0.3202315796271844
3.9000000000038773 	 -0.07812386724622283 	 -0.28595220119190295 	 0.05320376059299167 	 -0.4233023164671541
4.000000000004088 	 0.09994066475815244 	 -0.2790768057859674 	 0.02352776279715396 	 -0.45306838148404205
4.100000000003855 	 0.17902341155577864 	 -0.23626810642769855 	 0.016830430534744506 	 -0.33529051251596964
4.200000000003622 	 0.19311739090445268 	 -0.22489480503172324 	 0.020279726027376377 	 -0.3038830421296575
4.300000000003389 	 0.1619046689895034 	 -0.24831205802256026 	 0.01836291939322976 	 -0.3728422395965092
4.400000000003156 	 0.033715224925759256 	 -0.29450854590012404 	 0.0465366787656679 	 -0.48410709632029764
4.500000000002923 	 -0.11496754198384736 	 -0.27322969145060405 	 0.04622736002213783 	 -0.3738686678329225
4.60000000000269 	 -0.17369556120364876 	 -0.24021209798457174 	 0.004845823567643404 	 -0.3052887752503128
4.700000000002457 	 -0.18742029015072012 	 -0.22966417839928777 	 -0.030566715568324354 	 -0.33694398144126214
4.800000000002224 	 -0.13232104930036312 	 -0.26526051329221784 	 -0.08132169144953277 	 -0.4483207916127835
4.900000000001991 	 0.03139522610692514 	 -0.294764888983907 	 -0.12147334291347339 	 -0.4076506746509061
5.000000000001758 	 0.11699839951840178 	 -0.27236625068119663 	 -0.0696643916668586 	 -0.30798931044489314
5.100000000001525 	 0.16234912250161532 	 -0.24802169748422315 	 -0.01891677646658904 	 -0.30507144657437024
5.200000000001292 	 0.1576473566592279 	 -0.25103647332281853 	 0.035132175854027795 	 -0.39630185279180674
5.3000000000010585 	 0.032387450053026824 	 -0.2946575182802276 	 0.12534931257822252 	 -0.46039855760316245
5.4000000000008255 	 -0.07163182081259205 	 -0.2876471488596275 	 0.1145464034726734 	 -0.32572166529759955
5.500000000000592 	 -0.11817036323402007 	 -0.2718598264789039 	 0.07182745148894952 	 -0.26827787163606664
5.600000000000359 	 -0.14003387666519942 	 -0.26127095779308446 	 0.04393150388966674 	 -0.3089022369833737
5.700000000000126 	 -0.10405934407426186 	 -0.27756738445075707 	 4.678554235178212e-05 	 -0.4365450991665274
5.799999999999893 	 0.04688288257614325 	 -0.29270120485121265 	 -0.08645772860129963 	 -0.42809796039146186
5.89999999999966 	 0.10419520896320167 	 -0.27751641109872177 	 -0.08501387480505421 	 -0.29517774229365573
5.999999999999427 	 0.11651936448216557 	 -0.27257152767791476 	 -0.07253233156545241 	 -0.25329832811170166
6.099999999999194 	 0.10876519427454827 	 -0.2757573798004684 	 -0.07851045646475117 	 -0.30800378487408775
6.199999999998961 	 0.04533087701764638 	 -0.2929455778618462 	 -0.06404955303888882 	 -0.4483415929994533
6.299999999998728 	 -0.10312812960912603 	 -0.2779147151255638 	 0.02489817420161515 	 -0.4183471384919638
6.399999999998495 	 -0.132707735154989 	 -0.26506726887722915 	 0.05495107484428732 	 -0.2950033846849876
6.499999999998262 	 -0.11351242187246607 	 -0.27383741541405054 	 0.07622884209320507 	 -0.26333728452393734
6.599999999998029 	 -0.07201781218204002 	 -0.2875507515700705 	 0.11340947425855465 	 -0.32912864766015254
6.699999999997796 	 0.03255675543766851 	 -0.29463885975100407 	 0.11270965317293793 	 -0.4669395068323179
6.799999999997563 	 0.15282458375579303 	 -0.25400127283119783 	 0.02036297073060178 	 -0.39025809311834714
6.89999999999733 	 0.15421307297948092 	 -0.253160676492668 	 -0.030363530380791176 	 -0.29836551574672143
6.9999999999970965 	 0.10864560228619213 	 -0.2758045197306791 	 -0.0796377015522459 	 -0.30152216922829916
7.0999999999968635 	 0.026632691022850565 	 -0.2952332971886494 	 -0.13096539483016914 	 -0.401416362389576
7.19999999999663 	 -0.13279127109360872 	 -0.26502542957486874 	 -0.08739802778674871 	 -0.4495557887629552
7.299999999996397 	 -0.18490500789276443 	 -0.23169406133126658 	 -0.027357665034981854 	 -0.3379524010437443
7.399999999996164 	 -0.16589761326410435 	 -0.2456623331185993 	 0.015054087801868704 	 -0.3037009571661311
7.499999999995931 	 -0.10282303065460038 	 -0.278027740283237 	 0.06376699130621671 	 -0.36945948850613
7.599999999995698 	 0.04484002784863527 	 -0.29302111170107453 	 0.07004215331867793 	 -0.4813741123986802
7.699999999995465 	 0.1692418708741157 	 -0.2433704771393382 	 0.030834434682634276 	 -0.3735833090987922
7.799999999995232 	 0.19390851052962232 	 -0.22421304499110514 	 0.021153238809707958 	 -0.3033813220531871
7.899999999994999 	 0.17279292432433857 	 -0.24086221227798146 	 0.006659937886720868 	 -0.3331217961558548
7.999999999994766 	 0.08870644556405104 	 -0.2828483100804953 	 0.0007526463539461736 	 -0.45130046709995464
8.099999999994534 	 -0.09128367885794944 	 -0.2820271085802901 	 0.03135424433993021 	 -0.42718887969689984
8.1999999999943 	 -0.16855012542374093 	 -0.2438500670896795 	 0.005262779150844082 	 -0.32066851671830854
8.299999999994068 	 -0.19225531750928165 	 -0.22563220711903095 	 -0.02192320700515904 	 -0.30988760535090315
8.399999999993835 	 -0.16579429843125065 	 -0.24573207077565065 	 -0.04902620101945061 	 -0.39565608962129256
8.499999999993602 	 -0.022936916759176935 	 -0.2955433941904007 	 -0.10564704575432525 	 -0.46663119200662706
8.599999999993369 	 0.10114295291583524 	 -0.2786433259122944 	 -0.0770731369221593 	 -0.3446056281981901
8.699999999993135 	 0.1604354813026148 	 -0.24926382878227302 	 -0.02296871506924672 	 -0.29901220315965
8.799999999992902 	 0.17683623367336918 	 -0.23790953419360386 	 0.025326260073738505 	 -0.3526123148915417
8.89999999999267 	 0.10781077999625768 	 -0.27613191723630665 	 0.10107878885753083 	 -0.4660442135609736
8.999999999992436 	 -0.0409737943295447 	 -0.2935866961874127 	 0.1311602544176697 	 -0.3740967530864835
9.099999999992203 	 -0.10838324763716735 	 -0.27590772303728733 	 0.08144295632362177 	 -0.2847401796512146
9.19999999999197 	 -0.14651169658474456 	 -0.25769424278369074 	 0.040162425358978404 	 -0.29325787865715097
9.299999999991737 	 -0.13860142551924748 	 -0.26203367120282933 	 -0.003869904690874476 	 -0.3960464216979733
9.399999999991504 	 -0.008673003312769692 	 -0.2963052125993343 	 -0.09580474350411622 	 -0.4651840444617903
9.499999999991271 	 0.08418471587126833 	 -0.2842269051544449 	 -0.1019558500503176 	 -0.32248510320913304
9.599999999991038 	 0.11427378233789037 	 -0.27352057083552683 	 -0.07497142704233412 	 -0.256250633758774
9.699999999990805 	 0.12368588015174944 	 -0.2693952543217624 	 -0.06554809521451754 	 -0.28678785525086625
9.799999999990572 	 0.0897896029947671 	 -0.2825063312459423 	 -0.05071384910443552 	 -0.41045467999733143
9.899999999990339 	 -0.059237286810555366 	 -0.2904529976628301 	 0.03473263580925424 	 -0.45562458614834117
9.999999999990106 	 -0.12056651040830045 	 -0.2708056804573441 	 0.06446432156031846 	 -0.3141137769405738
10.099999999989873 	 -0.11912911932707856 	 -0.2714410671367814 	 0.07018752468282738 	 -0.2549726640318486
10.19999999998964 	 -0.09605390184351448 	 -0.28043831396696933 	 0.09358699620974678 	 -0.2926173855880982
10.299999999989407 	 -0.0323667936050923 	 -0.29465978801276116 	 0.10841584534951283 	 -0.4223008808041397
10.399999999989173 	 0.11806220068979513 	 -0.27190681633288 	 0.02520453618565134 	 -0.437706255845913
10.49999999998894 	 0.15091491846947866 	 -0.2551405247767406 	 -0.02966811297104635 	 -0.3143162694340777
10.599999999988707 	 0.12225834609895121 	 -0.27004610126633755 	 -0.06766838248281364 	 -0.2763578181665672
10.699999999988474 	 0.06534472488812873 	 -0.28914022018614904 	 -0.1185441390280835 	 -0.3370660558867896
10.799999999988241 	 -0.054347051187798194 	 -0.29140761490940975 	 -0.1293278964938046 	 -0.4660211104852007
10.899999999988008 	 -0.16955081630201704 	 -0.24315534271596762 	 -0.04330056463835394 	 -0.3851865855988691
10.999999999987775 	 -0.17061786472450954 	 -0.24240780564340117 	 0.008994316416250703 	 -0.3044679731090046
11.099999999987542 	 -0.12255478855055091 	 -0.269911696307014 	 0.06085892170188789 	 -0.31962498317717014
11.199999999987309 	 -0.02650648843474117 	 -0.29524465460166915 	 0.10864620853449934 	 -0.4288326349814199
11.299999999987076 	 0.14137376376644276 	 -0.26054838114736006 	 0.06407194260454763 	 -0.43414685016438337
11.399999999986843 	 0.1913006768080649 	 -0.2264421582938484 	 0.029380727950368696 	 -0.3259103952437464
11.49999999998661 	 0.1801510591617227 	 -0.23540942182272456 	 0.0035793339425938264 	 -0.30565489038220145
11.599999999986377 	 0.12281616070551717 	 -0.26979286623177523 	 -0.027881929401167224 	 -0.38556024349410095
11.699999999986144 	 -0.03538101885031094 	 -0.2943130705645163 	 -0.014434292152950032 	 -0.48318666490916273
11.79999999998591 	 -0.15767763958804681 	 -0.25101745352453486 	 -0.00318193413018808 	 -0.36166589226218077
11.899999999985678 	 -0.19268890502224573 	 -0.22526203826061758 	 -0.018128308879630323 	 -0.3003659547652496
11.999999999985445 	 -0.18332542917299033 	 -0.2329458886062145 	 -0.026377546201069496 	 -0.3400876733152264
12.099999999985211 	 -0.10330419242089883 	 -0.2778493185672153 	 -0.04891963055494953 	 -0.4599325946544187
12.199999999984978 	 0.07164679724445049 	 -0.28764341891413503 	 -0.0741938737211746 	 -0.40947321285755556
12.299999999984745 	 0.15235490522785763 	 -0.25428327285334856 	 -0.028376793149283014 	 -0.31300339888960865
12.399999999984512 	 0.18562353842515628 	 -0.23111880490891373 	 0.01489313996723099 	 -0.31456418250646595
12.49999999998428 	 0.1638247221220169 	 -0.2470495100615339 	 0.06346041388816039 	 -0.4084155710308079
12.599999999984046 	 0.019144192477652464 	 -0.2958132855271693 	 0.13403799065255984 	 -0.4471784570196353
12.699999999983813 	 -0.08820540081028141 	 -0.2830049597938128 	 0.09726968251235804 	 -0.32436911657791717
12.79999999998358 	 -0.14491205970009838 	 -0.25859716733459226 	 0.04287368892476914 	 -0.287726407170161
12.899999999983347 	 -0.16374573071719115 	 -0.24710187306431558 	 -0.0038193518930011716 	 -0.34974471673196583
12.999999999983114 	 -0.0952416002618454 	 -0.2807152250583549 	 -0.08287483098819629 	 -0.47034397556241836
13.099999999982881 	 0.047803203766411555 	 -0.29255230935623616 	 -0.12520480392867447 	 -0.37116674361214785
13.199999999982648 	 0.10297159561828194 	 -0.2779727513549215 	 -0.08700588412572079 	 -0.27343874759256653
13.299999999982415 	 0.13194512116021606 	 -0.26544770671832124 	 -0.05795642296852038 	 -0.27247647172517503
13.399999999982182 	 0.1264791327651149 	 -0.26809518640770935 	 -0.035189998970339004 	 -0.3679705679784671
13.499999999981949 	 0.013906762501144495 	 -0.29610572766621174 	 0.041108618242349085 	 -0.4841803379788074
13.599999999981716 	 -0.09541301175691976 	 -0.2806570098669796 	 0.08279923677230243 	 -0.34662968962276003
13.699999999981483 	 -0.116943779287067 	 -0.2723897070119533 	 0.07256976714374591 	 -0.25836773428283527
13.79999999998125 	 -0.11394150693055921 	 -0.2736591547863753 	 0.07595494263986324 	 -0.26649406996147507
13.899999999981016 	 -0.0821966118703225 	 -0.28480821090172165 	 0.08736097866426383 	 -0.37061161113799185
13.999999999980783 	 0.05125154599056961 	 -0.2919679417908352 	 0.02841290886181579 	 -0.48062211389975285
14.09999999998055 	 0.13511876955777993 	 -0.26384639113164227 	 -0.0363924768944246 	 -0.34567482347890877
14.199999999980317 	 0.12969328407496547 	 -0.26655515764256055 	 -0.060337439600362586 	 -0.2671244198239162
14.299999999980084 	 0.09432643674388363 	 -0.2810240618367084 	 -0.09564288901543613 	 -0.28588773026182346
14.399999999979851 	 0.026992371969693296 	 -0.29520062983579437 	 -0.13166778399295762 	 -0.39979008872103433
14.499999999979618 	 -0.12453702870313965 	 -0.2690028410292229 	 -0.0669931380309324 	 -0.4501124781176591
14.599999999979385 	 -0.16708944452690142 	 -0.24485325713106518 	 0.002407422087154887 	 -0.33077654971239506
14.699999999979152 	 -0.1381500754234521 	 -0.26227191359444973 	 0.05001068352687982 	 -0.28887132695706186
14.799999999978919 	 -0.07341348871211938 	 -0.28719759691737584 	 0.10717969008493942 	 -0.3463423665252927
14.899999999978686 	 0.05777061372080628 	 -0.2907482694537001 	 0.12462596192866007 	 -0.46863127149719674
14.999999999978453 	 0.17633909664416886 	 -0.23827824700278133 	 0.05172575673002976 	 -0.3817478100307743
