#MIN=0	-20	0	0
#MAX=3200	120	100	100
#SCALE=3200	50	50	50
#DEC=0	1	1	1
#DEF="Zeit" t / s	"Temperatur" &J_B12 / °C	"Neue Größe" f_1	"Neue Größe" f_2
#0	-128,13366707625	0	0
#1	-129,058959383942	1	0
#2,001	-129,749611710674	2,001	0
#3	-129,984251691635	3	0
#4	-130,520688633751	4	0
#5	-130,446897845481	5	0
#6,001	-130,674904018367	6,001	0
#7,001	-130,983334787597	7,001	0
#8	-130,983334787597	8	0
#9,001	-130,909543999327	9,001	0
#10,002	-130,829119402982	10,002	0
#11,001	-130,601113230096	11,001	0
#12,001	-130,446897845481	12,001	0
#13	-130,520688633751	13	0
#14	-130,601113230096	14	0
#15	-130,674904018367	15	0
#16	-130,13846707625	16	0
#17	-130,292682460865	17	0
#18	-130,212257864521	18	0
#19	-129,90382709529	19	0
20	-129,675820922404	20	0
21	-129,521605537789	21	0
22	-129,367390153173	22	0
23	-129,213174768558	23	0
24	-128,904743999327	24	0
25	-128,750528614712	25	0
26	-128,824319402982	26	0
27	-128,442097845481	27	0
28,001	-128,515888633751	28,001	0
29,001	-128,361673249136	29,001	0
30,001	-127,979451691635	30,001	0
31,001	-128,053242479905	31,001	0
32	-127,744811710674	32	0
33	-127,744811710674	33	0
34	-127,744811710674	34	0
35	-127,362590153173	35	0
36	-127,436380941444	36	0
37	-127,054159383942	37	0
38	-127,054159383942	38	0
39	-126,591513230096	39	0
40,001	-126,283082460866	40,001	0
41,001	-126,12886707625	41,001	0
42	-126,12886707625	42	0
43,001	-125,666220922404	43,001	0
44,001	-125,89422709529	44,001	0
45,001	-125,89422709529	45,001	0
46	-125,512005537789	46	0
47	-125,357790153173	47	0
48	-125,277365556828	48	0
49	-124,895143999327	49	0
50	-124,968934787598	50	0
51	-124,586713230096	51	0
52	-124,506288633751	52	0
53	-124,352073249136	53	0
54	-124,12406707625	54	0
55	-123,969851691635	55	0
56	-123,661420922404	56	0
57	-123,507205537789	57	0
58	-123,198774768558	58	0
59	-123,044559383942	59	0
60	-122,581913230096	60	0
61	-122,809919402982	61	0
62	-122,273482460865	62	0
63,001	-122,273482460865	63,001	0
64	-121,810836307019	64	0
65,001	-121,810836307019	65,001	0
66	-121,656620922404	66	0
67	-121,502405537789	67	0
68	-121,348190153173	68	0
69	-121,267765556828	69	0
70	-120,959334787597	70	0
71	-120,731328614712	71	0
72,001	-120,731328614712	72,001	0
73,002	-120,268682460866	73,002	0
74,001	-120,11446707625	74,001	0
75,001	-120,342473249136	75,001	0
76,001	-119,963738385351	76,001	0
77,001	-119,749680858861	77,001	0
78,001	-119,468305420264	78,001	0
79	-119,400987508158	79	0
80	-119,186929981668	80	0
81	-119,119612069561	81	0
82	-118,905554543071	82	0
83	-118,764866823773	83	0
84	-118,483491385177	84	0
85	-118,275485753772	85	0
86	-118,275485753772	86	0
87	-118,061428227282	87	0
88	-117,994110315176	88	0
89	-117,431359437983	89	0
90	-117,431359437983	90	0
91	-117,290671718684	91	0
92	-117,076614192194	92	0
93	-116,727920841491	93	0
94	-116,86860856079	94	0
95	-116,935926472896	95	0
95,999	-116,587233122193	95,999	0
96,999	-116,232487876405	96,999	0
98,001	-115,951112437808	98,001	0
99	-115,883794525702	99	0
100	-115,602419087105	100	0
101	-115,81042471851	101	0
102	-115,388361560615	102	0
103	-115,039668209912	103	0
104	-115,180355929211	104	0
105	-114,825610683422	105	0
106	-114,617605052018	106	0
107,001	-114,617605052018	107,001	0
108,001	-114,336229613421	108,001	0
109	-114,544235244826	109	0
110,001	-114,195541894123	110,001	0
111,001	-113,914166455526	111,001	0
112,001	-113,773478736228	112,001	0
113,001	-113,700108929036	113,001	0
114	-113,492103297632	114	0
115	-113,210727859035	115	0
116	-113,070040139737	116	0
117	-113,137358051843	117	0
118	-112,78866470114	118	0
119	-112,507289262544	119	0
120	-112,507289262544	120	0
121	-112,366601543246	121	0
122	-112,085226104649	122	0
123	-111,944538385351	123	0
124	-112,011856297457	124	0
125	-111,944538385351	125	0
126	-111,522475227456	126	0
127	-111,167729981668	127	0
128	-110,959724350263	128	0
129	-110,959724350263	129	0
130	-110,678348911667	130	0
131	-110,678348911667	131	0
131,999	-110,745666823773	131,999	0
133	-110,464291385177	133	0
134	-110,39697347307	134	0
135	-110,115598034474	135	0
136,001	-110,18291594658	136,001	0
137	-109,901540507984	137	0
138,001	-109,552847157281	138,001	0
139,001	-109,204114969916	139,001	0
140	-109,130783999386	140	0
141,001	-109,130783999386	141,001	0
142,001	-108,84940856079	142,001	0
143,001	-108,708720841491	143,001	0
144,001	-108,427345402895	144,001	0
145,001	-108,494663315001	145,001	0
146,001	-108,286657683597	146,001	0
147,001	-108,286657683597	147,001	0
148,001	-108,072600157106	148,001	0
149	-107,864594525702	149	0
150	-107,723906806404	150	0
151	-107,79122471851	151	0
152	-107,301843648509	152	0
153	-107,369161560615	153	0
154	-107,020468209912	154	0
155	-106,879780490614	155	0
156	-106,598405052018	156	0
157	-106,457717332719	157	0
158	-106,525035244826	158	0
159	-106,035654174825	159	0
160,004	-106,176341894123	160,004	0
161	-105,894966455526	161	0
162	-105,546234268162	162	0
163	-105,61359101693	163	0
164	-105,472903297632	164	0
165	-105,332215578333	165	0
165,999	-105,050840139737	165,999	0
166,999	-105,050840139737	166,999	0
167,999	-104,76946470114	167,999	0
169	-104,561420233074	169	0
170	-104,347401543246	170	0
171	-104,414719455352	171	0
172,001	-104,206713823947	172,001	0
173	-104,066026104649	173	0
174,001	-103,857981636583	174,001	0
175,001	-103,643962946754	175,001	0
176,001	-103,503275227456	176,001	0
177,001	-103,503275227456	177,001	0
178,001	-103,503275227456	178,001	0
179,001	-102,873167601495	179,001	0
180,001	-103,22189978886	180,001	0
181,001	-102,732479882197	181,001	0
182,001	-102,940524350263	182,001	0
183,001	-102,591792162898	183,001	0
184	-102,659148911667	184	0
185	-102,169729005004	185	0
186	-102,029041285705	186	0
187	-101,888353566407	187	0
188,001	-101,674334876579	188,001	0
189	-101,815022595877	189	0
190	-101,325602689214	190	0
191	-101,184914969916	191	0
192,001	-100,903539531319	192,001	0
193	-101,111583999386	193	0
194	-100,622164092723	194	0
195	-100,970896280088	195	0
196	-100,622164092723	196	0
197	-100,340788654127	197	0
198	-100,267457683597	198	0
198,999	-100,05941321553	198,999	0
200	-99,9252798916969	200	0
200,999	-100,126769964298	200,999	0
201,999	-99,6665960207292	201,999	0
202,999	-99,7285207736291	202,999	0
204	-99,2785702142776	204	0
205,001	-99,1492282787937	205,001	0
206	-99,0198863433099	206	0
207,001	-98,9524691607259	207,001	0
208,001	-98,823127225242	208,001	0
209,001	-98,6318605368582	209,001	0
210,001	-98,5025186013744	210,001	0
211,001	-98,6318605368582	211,001	0
212,001	-98,3057594833065	212,001	0
213,001	-98,2438347304066	213,001	0
214,001	-98,1764175478227	214,001	0
215,001	-97,9177336768549	215,001	0
216,001	-97,7264669884711	216,001	0
217	-97,4677831175034	217	0
218	-97,2710239994356	218	0
219	-97,4003659349194	219	0
220	-97,2710239994356	220	0
221	-96,821073440084	221	0
222	-96,6917315046002	222	0
223	-96,7536562575001	223	0
224	-96,6917315046002	224	0
225	-96,3037056981486	225	0
226	-96,0450218271808	226	0
227	-96,2362885155646	227	0
228	-95,9776046445968	228	0
229	-95,9156798916969	229	0
230	-95,6569960207292	230	0
231	-95,5276540852453	231	0
232	-95,4602369026614	232	0
232,999	-95,2015530316936	232,999	0
234	-95,1396282787937	234	0
235	-94,880944407826	235	0
235,999	-94,9428691607259	235,999	0
236,999	-94,7516024723421	236,999	0
238	-94,813527225242	238	0
238,999	-94,3635766658905	238,999	0
240	-94,4255014187904	240	0
241,001	-93,9755508594389	241,001	0
242,001	-94,0374756123388	242,001	0
243,001	-93,846208923955	243,001	0
244	-93,5875250529873	244	0
245,001	-93,7168669884711	245,001	0
246,001	-93,5875250529873	246,001	0
247,001	-93,1994992465357	247,001	0
248,001	-93,3288411820195	248,001	0
249,001	-93,0701573110518	249,001	0
250,001	-93,1320820639517	250,001	0
251,001	-92,873398192984	251,001	0
252	-92,6821315046002	252	0
253,001	-92,4234476336325	253,001	0
254	-92,4853723865324	254	0
255	-92,3560304510485	255	0
256	-92,1647637626647	256	0
257	-91,9060798916969	257	0
258	-91,7767379562131	258	0
259	-91,7767379562131	259	0
260	-91,5180540852454	260	0
261	-91,2593702142776	261	0
262	-91,3887121497615	262	0
263	-91,0006863433098	263	0
264	-91,1300282787937	264	0
265	-90,871344407826	265	0
266	-90,871344407826	266	0
267	-90,4833186013744	267	0
267,999	-90,4833186013744	267,999	0
269	-90,2246347304066	269	0
270,001	-90,2246347304066	270,001	0
270,999	-90,0952927949228	270,999	0
271,999	-89,9659508594389	271,999	0
273	-89,836608923955	273	0
274	-89,769191741371	274	0
275	-89,3192411820195	275	0
276,001	-89,4485831175034	276,001	0
277,001	-89,4485831175034	277,001	0
278,001	-89,1898992465356	278,001	0
279,001	-89,0605573110518	279,001	0
280,001	-88,8018734400841	280,001	0
281,001	-88,6725315046002	281,001	0
282,001	-88,4138476336324	282,001	0
283,001	-88,6051143220162	283,001	0
284,001	-87,963861211907	284,001	0
285,001	-88,0258218271808	285,001	0
286,001	-88,0258218271808	286,001	0
287	-87,7671379562131	287	0
288	-87,5084540852454	288	0
289	-87,5084540852454	289	0
290	-87,1878095990038	290	0
291	-87,3791121497615	291	0
292	-86,9910863433099	292	0
293	-87,2497702142776	293	0
294	-87,1204282787937	294	0
295	-86,861744407826	295	0
296	-86,7324024723421	296	0
297	-86,7324024723421	297	0
298	-86,3443766658905	298	0
299	-86,3443766658905	299	0
300	-86,2150347304066	300	0
301	-86,0856927949228	301	0
301,999	-85,827008923955	301,999	0
302,999	-85,6976669884712	302,999	0
303,999	-85,4389831175034	303,999	0
304,999	-85,5683250529873	304,999	0
306	-85,1802992465357	306	0
307	-85,1802992465357	307	0
308	-84,9216153755679	308	0
309	-84,9216153755679	309	0
310	-84,792273440084	310	0
311	-84,6629315046002	311	0
312,001	-84,5335895691163	312,001	0
313,001	-84,4042476336325	313,001	0
314,001	-84,2749056981485	314,001	0
315,001	-84,1455637626647	315,001	0
316,001	-84,1455637626647	316,001	0
317,001	-83,6955773409393	317,001	0
318,001	-83,886879891697	318,001	0
319,001	-83,4368934699715	319,001	0
320,001	-83,3695121497615	320,001	0
321	-83,3695121497615	321	0
322	-83,3695121497615	322	0
323	-82,919525728036	323	0
324	-82,7901837925522	324	0
325	-82,852144407826	325	0
326	-82,5314999215844	326	0
327	-82,5934605368582	327	0
328	-82,3347766658905	328	0
329	-82,4641186013744	329	0
330	-82,0760927949227	330	0
331	-81,9467508594389	331	0
332	-82,0760927949227	332	0
333	-81,6261063731973	333	0
334	-81,4293831175034	334	0
335	-81,6880669884711	335	0
336	-80,979396695778	336	0
337	-80,8500547602941	337	0
337,999	-81,1706992465356	337,999	0
338,999	-80,9120153755679	338,999	0
340	-81,0413573110518	340	0
341,001	-80,7207128248102	341,001	0
342	-80,6533315046002	342	0
343	-80,3946476336324	343	0
344	-80,5239895691163	344	0
345	-79,9487909722124	345	0
346	-80,0066218271808	346	0
347,001	-79,8291014199736	347,001	0
348,001	-79,7667485564957	348,001	0
349,001	-79,6470590042569	349,001	0
350,001	-79,5273694520181	350,001	0
351,001	-79,5273694520181	351,001	0
352,001	-79,2306536587796	352,001	0
353,001	-79,1109641065408	353,001	0
354,001	-79,1109641065408	354,001	0
355,001	-78,7518954498244	355,001	0
356	-78,7518954498244	356	0
357	-78,6322058975856	357	0
358	-78,8092321385852	358	0
359	-78,5698530341076	359	0
360	-78,2731372408692	360	0
361,001	-78,392826793108	361,001	0
362	-78,2107843773912	362	0
363	-78,0910948251524	363	0
364	-77,9140685841527	364	0
365	-77,5549999274363	365	0
366	-77,8517157206748	366	0
367	-77,4353103751975	367	0
368	-77,6123366161972	368	0
369	-77,3156208229587	369	0
370,001	-77,0762417184811	370,001	0
371	-77,0138888550031	371	0
372	-76,8941993027643	372	0
373	-76,7171730617647	373	0
374,001	-76,7171730617647	374,001	0
375	-76,5974835095259	375	0
376	-76,3581044050483	376	0
377	-76,3581044050483	377	0
378	-76,1187253005706	378	0
379	-75,879346196093	379	0
380	-75,879346196093	380	0
381	-75,879346196093	381	0
382	-75,879346196093	382	0
383,001	-75,6973037803763	383,001	0
384,001	-75,4579246758987	384,001	0
385,001	-75,280898434899	385,001	0
386,001	-75,1612088826602	386,001	0
387,001	-75,0415193304214	387,001	0
388,001	-74,9791664669435	388,001	0
389,001	-74,9218297781826	389,001	0
390	-74,682450673705	390	0
391	-74,8021402259438	391	0
392	-74,4430715692274	392	0
393	-74,3807187057494	393	0
394	-74,2036924647498	394	0
395	-74,2036924647498	395	0
396	-73,9643133602721	396	0
397	-74,021650049033	397	0
398	-73,7822709445554	398	0
399	-73,8446238080333	399	0
400	-73,6052447035557	400	0
401	-73,3658655990781	401	0
402	-73,3035127356002	402	0
403,001	-73,1264864946005	403,001	0
404	-73,1264864946005	404	0
405	-72,7674178378841	405	0
406	-72,6477282856453	406	0
407,001	-72,6477282856453	407,001	0
408	-72,5280387334065	408	0
409	-72,5280387334065	409	0
410	-72,1116000555524	410	0
411	-72,4083491811677	411	0
412	-72,2886596289289	412	0
413	-71,9295909722125	413	0
414	-71,6328418465972	414	0
415	-71,6328418465972	415	0
416	-71,570522315496	416	0
417	-71,5131522943584	417	0
418	-71,2114536587796	418	0
419,001	-71,2114536587796	419,001	0
420,001	-71,2114536587796	420,001	0
421,001	-70,7950149809256	421,001	0
422,001	-70,972074554302	422,001	0
423	-70,7326954498244	423	0
424	-70,6130058975856	424	0
425	-70,4359463242091	425	0
426	-70,4933163453468	426	0
427	-70,1965672197315	427	0
428	-70,2539372408692	428	0
429	-70,2539372408692	429	0
430	-70,0145581363916	430	0
431	-69,8948685841527	431	0
432	-69,8948685841527	432	0
433	-69,6554894796751	433	0
434	-69,775179031914	434	0
435	-69,2964208229587	435	0
436	-69,4161103751975	436	0
437,001	-69,2390508018211	437,001	0
438	-69,1767312707199	438	0
439,001	-68,9373521662423	439,001	0
440,001	-68,8176626140035	440,001	0
441	-68,8176626140035	441	0
442	-68,9373521662423	442	0
443	-68,6979730617647	443	0
444	-68,6979730617647	444	0
445	-68,3389044050483	445	0
446	-68,042155279433	446	0
447	-67,9798357483319	447	0
448	-68,2192148528094	448	0
449	-67,7404566438542	449	0
450	-67,9798357483319	450	0
451	-67,6207670916154	451	0
452	-67,6207670916154	452	0
453	-67,5010775393766	453	0
454	-67,261698434899	454	0
455,001	-67,261698434899	455,001	0
456,001	-67,2043284137614	456,001	0
457,001	-67,1420088826602	457,001	0
458	-66,8402769147046	458	0
459	-66,9026297781826	459	0
460	-66,9026297781826	460	0
461	-66,663250673705	461	0
462	-66,6058806525674	462	0
463	-66,3665015480898	463	0
464	-66,0074328913733	464	0
465	-66,1221396012718	465	0
466	-66,3041820169886	466	0
467	-65,8877433391345	467	0
468	-65,9451133602722	468	0
469	-65,7680537868957	469	0
470	-65,3466655990781	470	0
471,001	-65,5286746824181	471,001	0
472,001	-65,5860447035557	472,001	0
473,001	-65,2269760468393	473,001	0
474	-65,2269760468393	474	0
475	-65,1072864946005	475	0
476	-64,9302269212241	476	0
477	-64,8679073901229	477	0
478	-64,6908478167465	478	0
479	-64,5088387334065	479	0
480	-64,3891491811677	480	0
481	-64,3891491811677	481	0
482	-64,1497700766901	482	0
483	-64,2694596289288	483	0
484	-64,0300805244513	484	0
485	-63,9103909722124	485	0
486	-64,0300805244513	486	0
487	-63,6710118677348	487	0
488	-63,6710118677348	488	0
489	-63,4316327632572	489	0
490,001	-63,4939522943584	490,001	0
491	-63,3119432110184	491	0
492	-63,1922536587796	492	0
493,001	-62,952874554302	493,001	0
494	-62,7758149809256	494	0
495,001	-62,6561254286868	495,001	0
496	-62,952874554302	496	0
497	-62,7134954498244	497	0
498	-62,7708321385853	498	0
499	-62,536435876448	499	0
500	-62,4741163453468	500	0
501	-62,1773672197315	501	0
502,001	-62,0576776674927	502,001	0
503	-61,7559790319139	503	0
504,001	-62,1150476886303	504,001	0
505	-61,8182985630151	505	0
506,001	-61,7559790319139	506,001	0
507,001	-61,7559790319139	507,001	0
508,001	-61,5165999274363	508,001	0
509,001	-61,3969103751975	509,001	0
510	-61,2772208229587	510	0
511	-61,5165999274363	511	0
512,003	-60,9804716973435	512,003	0
513	-60,8607821451047	513	0
514	-60,9181521662423	514	0
515	-60,7984626140035	515	0
516	-60,9181521662423	516	0
517	-60,7984626140035	517	0
518	-60,5590835095259	518	0
519	-60,5590835095259	519	0
520	-60,5590835095259	520	0
521	-60,3197044050483	521	0
522	-60,1426448316718	522	0
523	-60,0803253005706	523	0
524	-59,7928514817431	524	0
525,001	-60,022955279433	525,001	0
526,001	-59,9074114817431	526,001	0
527	-59,733202787689	527	0
528,001	-59,733202787689	528,001	0
529	-59,3346114817431	529	0
530	-59,449171481743	530	0
531	-59,3895227876891	531	0
532	-59,1604027876891	532	0
533	-59,105491481743	533	0
534	-59,0458427876891	534	0
535	-59,0458427876891	535	0
536	-58,7618114817431	536	0
537	-58,8167227876891	537	0
538,001	-58,5326914817431	538,001	0
539,001	-58,4730427876891	539,001	0
540,001	-58,189011481743	540,001	0
541,001	-57,9598914817431	541,001	0
542,001	-57,730771481743	542,001	0
543,001	-57,785682787689	543,001	0
544	-57,3870914817431	544	0
545	-57,4420027876891	545	0
546	-57,157971481743	546	0
547	-56,928851481743	547	0
548	-56,928851481743	548	0
549	-56,7546427876891	549	0
550	-56,699731481743	550	0
551	-56,470611481743	551	0
552	-56,126931481743	552	0
553	-56,4109627876891	553	0
554,004	-56,241491481743	554,004	0
555	-56,2964027876891	555	0
556	-56,0123714817431	556	0
557	-56,0672827876891	557	0
558	-56,0672827876891	558	0
559	-55,9527227876891	559	0
560	-55,7236027876891	560	0
561,001	-55,897811481743	561,001	0
562,001	-55,7832514817431	562,001	0
563,001	-55,7832514817431	563,001	0
564	-55,7236027876891	564	0
565	-55,6090427876891	565	0
566	-55,4395714817431	566	0
567	-55,2653627876891	567	0
568	-55,0362427876891	568	0
569	-55,0958914817431	569	0
570	-55,0958914817431	570	0
571,001	-55,0362427876891	571,001	0
572,001	-54,8667714817431	572,001	0
573,001	-54,8071227876891	573,001	0
574,001	-54,6925627876891	574,001	0
575,001	-54,6925627876891	575,001	0
576,001	-54,5780027876891	576,001	0
577,001	-54,5780027876891	577,001	0
578,001	-54,5230914817431	578,001	0
579,001	-54,2939714817431	579,001	0
580	-54,4085314817431	580	0
581	-54,2343227876891	581	0
582	-54,0052027876891	582	0
583	-53,9502914817431	583	0
584,006	-53,890642787689	584,006	0
585	-54,0052027876891	585	0
586	-53,7211714817431	586	0
587	-53,492051481743	587	0
588	-53,3774914817431	588	0
589	-53,492051481743	589	0
590	-53,492051481743	590	0
591	-53,2032827876891	591	0
592	-53,4324027876891	592	0
593	-53,2032827876891	593	0
594	-53,1483714817431	594	0
594,999	-53,033811481743	594,999	0
596	-52,804691481743	596	0
597	-52,9192514817431	597	0
598	-52,745042787689	598	0
599	-52,690131481743	599	0
600	-52,6304827876891	600	0
601	-52,745042787689	601	0
602	-52,745042787689	602	0
603	-52,5159227876891	603	0
604	-52,2868027876891	604	0
605,001	-52,117331481743	605,001	0
606,001	-52,117331481743	606,001	0
607,001	-52,0027714817431	607,001	0
608,001	-51,8285627876891	608,001	0
609,001	-51,7736514817431	609,001	0
610,001	-51,7736514817431	610,001	0
611,001	-51,7736514817431	611,001	0
612,001	-51,370322787689	612,001	0
613	-51,4848827876891	613	0
614	-51,4848827876891	614	0
615	-51,370322787689	615	0
616	-50,9717314817431	616	0
617	-51,2008514817431	617	0
618	-51,086291481743	618	0
619	-51,1412027876891	619	0
620	-50,797522787689	620	0
621	-50,6280514817431	621	0
622	-50,6829627876891	622	0
623	-50,5684027876891	623	0
624	-50,6280514817431	624	0
625	-50,3989314817431	625	0
626	-50,2843714817431	626	0
627	-50,0552514817431	627	0
627,999	-50,224722787689	627,999	0
629	-50,1101627876891	629	0
629,999	-50,1101627876891	629,999	0
631,001	-49,9956027876891	631,001	0
632	-49,9956027876891	632	0
633	-49,8261314817431	633	0
634	-49,597011481743	634	0
635	-49,6519227876891	635	0
636,001	-49,6519227876891	636,001	0
637	-49,3678914817431	637	0
638,001	-49,3678914817431	638,001	0
639,001	-49,3082427876891	639,001	0
640,001	-49,1936827876891	640,001	0
641,001	-49,1936827876891	641,001	0
642,001	-48,9096514817431	642,001	0
643,001	-49,138771481743	643,001	0
644,001	-48,795091481743	644,001	0
645,001	-48,7354427876891	645,001	0
646,001	-48,6805314817431	646,001	0
647	-48,7354427876891	647	0
648	-48,6208827876891	648	0
649,001	-48,6208827876891	649,001	0
650	-48,451411481743	650	0
651	-48,222291481743	651	0
652	-48,506322787689	652	0
653	-48,277202787689	653	0
654	-48,277202787689	654	0
655	-48,0480827876891	655	0
656	-48,0480827876891	656	0
657	-47,933522787689	657	0
658	-47,764051481743	658	0
659	-47,764051481743	659	0
660	-47,818962787689	660	0
661,001	-47,5898427876891	661,001	0
662	-47,4752827876891	662	0
663	-47,305811481743	663	0
663,999	-47,360722787689	663,999	0
664,999	-47,420371481743	664,999	0
665,999	-47,360722787689	665,999	0
667	-47,1316027876891	667	0
668	-47,246162787689	668	0
669,001	-46,847571481743	669,001	0
670,001	-46,6184514817431	670,001	0
671,001	-46,733011481743	671,001	0
672,001	-46,787922787689	672,001	0
673,001	-46,6733627876891	673,001	0
674,001	-46,5588027876891	674,001	0
675,001	-46,3296827876891	675,001	0
676,001	-46,274771481743	676,001	0
677,001	-46,3893314817431	677,001	0
678,001	-46,3296827876891	678,001	0
679,001	-46,0456514817431	679,001	0
680,001	-46,215122787689	680,001	0
681	-45,931091481743	681	0
682,001	-45,9860027876891	682,001	0
683	-45,816531481743	683	0
684	-45,701971481743	684	0
685	-45,8714427876891	685	0
686	-45,587411481743	686	0
687	-45,7568827876891	687	0
688	-45,358291481743	688	0
689	-45,2437314817431	689	0
690	-45,358291481743	690	0
691	-45,1840827876891	691	0
692	-45,2986427876891	692	0
693,002	-45,069522787689	693,002	0
694	-45,014611481743	694	0
695	-45,129171481743	695	0
696	-44,785491481743	696	0
696,999	-44,611282787689	696,999	0
698	-44,611282787689	698	0
698,999	-44,556371481743	698,999	0
699,999	-44,556371481743	699,999	0
701	-44,2676027876891	701	0
702	-44,4418114817431	702	0
703	-44,2126914817431	703	0
704,001	-44,2126914817431	704,001	0
705,001	-44,1530427876891	705,001	0
706,001	-44,038482787689	706,001	0
707,001	-43,983571481743	707,001	0
708,001	-44,0981314817431	708,001	0
709,001	-44,038482787689	709,001	0
710,001	-43,9239227876891	710,001	0
711,001	-43,754451481743	711,001	0
712,001	-43,6948027876891	712,001	0
713,001	-43,6948027876891	713,001	0
714	-43,5253314817431	714	0
715,001	-43,410771481743	715,001	0
716	-43,410771481743	716	0
717	-43,067091481743	717	0
718	-43,122002787689	718	0
719	-43,067091481743	719	0
720	-43,181651481743	720	0
721	-42,9525314817431	721	0
722	-43,0074427876891	722	0
723	-42,778322787689	723	0
724	-42,608851481743	724	0
725	-42,723411481743	725	0
726	-42,608851481743	726	0
727	-42,494291481743	727	0
728	-42,2651714817431	728	0
729	-42,494291481743	729	0
730	-42,2651714817431	730	0
730,999	-42,1506114817431	730,999	0
732	-42,0909627876891	732	0
732,999	-42,1506114817431	732,999	0
733,999	-42,0909627876891	733,999	0
735	-41,9764027876891	735	0
736	-41,9764027876891	736	0
736,999	-41,9214914817431	736,999	0
738	-41,7472827876891	738	0
739,001	-41,6327227876891	739,001	0
740,001	-41,463251481743	740,001	0
741,001	-41,5778114817431	741,001	0
742,001	-41,3486914817431	742,001	0
743,001	-41,2890427876891	743,001	0
744,001	-41,4036027876891	744,001	0
745,001	-41,234131481743	745,001	0
746,001	-41,119571481743	746,001	0
747,001	-41,0050114817431	747,001	0
748,001	-41,0050114817431	748,001	0
749	-40,9453627876891	749	0
750	-40,8308027876891	750	0
751	-40,775891481743	751	0
752	-40,661331481743	752	0
753	-40,546771481743	753	0
754	-40,546771481743	754	0
755	-40,203091481743	755	0
756	-40,4322114817431	756	0
757	-40,317651481743	757	0
758	-40,0885314817431	758	0
759	-40,317651481743	759	0
760	-39,9750411468769	760	0
761	-39,9750411468769	761	0
762	-39,9750411468769	762	0
763	-39,9750411468769	763	0
764	-39,8651890920824	764	0
765	-39,5356329276988	765	0
766	-39,6454849824933	766	0
766,999	-39,6454849824933	766,999	0
767,999	-39,4257808729043	767,999	0
769	-39,4257808729043	769	0
770	-39,3159288181098	770	0
771	-39,3159288181098	771	0
772	-39,3159288181098	772	0
773	-39,2060767633153	773	0
774	-39,2060767633153	774	0
775,001	-38,9863726537262	775,001	0
776,001	-39,1488793854552	776,001	0
777,001	-38,9863726537262	777,001	0
778,001	-38,8765205989317	778,001	0
779,001	-38,8238351946536	779,001	0
780,003	-38,8193232210717	780,003	0
781,001	-38,5469644345481	781,001	0
782,001	-38,4371123797536	782,001	0
783,001	-38,4371123797536	783,001	0
784,001	-38,3844269754755	784,001	0
785	-38,4371123797536	785	0
786,001	-38,3272603249591	786,001	0
787	-38,4371123797536	787	0
788	-38,10755621537	788	0
789	-37,9450187562974	789	0
790	-38,10755621537	790	0
791	-37,887852105781	791	0
792	-37,887852105781	792	0
793	-37,8351667015029	793	0
794	-37,7253146467084	794	0
795	-37,668147996192	795	0
796	-37,5056105371193	796	0
797	-37,5056105371193	797	0
798	-37,4484438866029	798	0
799	-37,1760543727358	799	0
800	-37,3385918318084	800	0
801	-37,2287397770139	801	0
801,999	-37,3912465087429	801,999	0
803	-37,0662023179412	803	0
804	-36,9563502631467	804	0
805	-36,9563502631467	805	0
806	-36,8464982083522	806	0
807	-37,0090356674249	807	0
808	-36,8464982083522	808	0
809	-36,5696274482468	809	0
810,001	-36,5696274482468	810,001	0
811,001	-36,6267940987632	811,001	0
812,001	-36,6794795030413	812,001	0
813,001	-36,3499233386577	813,001	0
814,001	-36,4597753934522	814,001	0
815,001	-36,1873858795851	815,001	0
816,001	-36,1873858795851	816,001	0
817,001	-36,3499233386577	817,001	0
818,001	-36,0775338247906	818,001	0
819	-35,8578297152015	819	0
820	-35,8578297152015	820	0
821	-36,0203671742742	821	0
822	-35,8578297152015	822	0
823	-35,9105151194796	823	0
824	-35,8006630646851	824	0
825	-35,8006630646851	825	0
826	-35,5809589550961	826	0
827	-35,6908110098906	827	0
828	-35,4711069003016	828	0
829	-35,528273550818	829	0
830	-35,4184214960234	830	0
831	-35,3085694412289	831	0
832	-35,0888653316399	832	0
833	-35,2514027907125	833	0
834,001	-35,141550735918	834,001	0
835	-35,141550735918	835	0
836	-34,8691612220508	836	0
837	-34,9218466263289	837	0
838	-34,9218466263289	838	0
839	-34,6494571124618	839	0
840	-34,6494571124618	840	0
841	-34,8119945715345	841	0
842	-34,7021425167399	842	0
843	-34,3199009480782	843	0
844	-34,3199009480782	844	0
845	-34,3199009480782	845	0
846,001	-34,2100488932837	846,001	0
847,001	-34,3199009480782	847,001	0
848,001	-34,2100488932837	848,001	0
849,001	-34,2100488932837	849,001	0
850,001	-34,1001968384892	850,001	0
851,001	-33,9903447836946	851,001	0
852	-34,1528822427673	852	0
853	-33,9331781331783	853	0
854	-33,7706406741056	854	0
855	-33,6607886193111	855	0
856	-33,6607886193111	856	0
857	-33,7134740235892	857	0
858	-33,4410845097221	858	0
859	-33,4937699140002	859	0
860	-33,3839178592057	860	0
861	-33,4410845097221	861	0
862	-33,3312324549275	862	0
863	-33,3839178592057	863	0
864	-33,3312324549275	864	0
865	-33,2740658044111	865	0
866	-33,0543616948221	866	0
867,001	-33,001676290544	867,001	0
868	-32,8346575852331	868	0
869	-32,6721201261604	869	0
870	-32,7819721809549	870	0
871	-32,7819721809549	871	0
872	-32,6721201261604	872	0
873	-32,614953475644	873	0
874,002	-32,614953475644	874,002	0
875	-32,3425639617768	875	0
876	-32,4524160165714	876	0
877	-32,5051014208495	877	0
878	-32,2853973112605	878	0
879	-32,2327119069823	879	0
880	-32,1228598521878	880	0
881	-32,1228598521878	881	0
882,001	-32,1228598521878	882,001	0
883,001	-31,9558411468769	883,001	0
884,001	-32,0130077973933	884,001	0
885,001	-31,8459890920824	885,001	0
886,001	-31,6834516330097	886,001	0
887	-31,6834516330097	887	0
888	-31,6262849824933	888	0
889	-31,3538954686261	889	0
890	-31,2440434138317	890	0
891	-31,4637475234207	891	0
892	-31,3538954686261	892	0
893	-31,3538954686261	893	0
894	-31,1868767633152	894	0
895	-31,1341913590371	895	0
896	-31,0243393042426	896	0
897	-30,9144872494481	897	0
898	-30,9144872494481	898	0
899	-30,9144872494481	899	0
900	-31,0243393042426	900	0
901	-31,0770247085207	901	0
902	-30,6947831398591	902	0
903,001	-30,5849310850645	903,001	0
904	-30,6947831398591	904	0
905	-30,6947831398591	905	0
906	-30,3652269754755	906	0
907	-30,47507903027	907	0
908	-30,1455228658864	908	0
909	-30,5277644345481	909	0
910	-30,1455228658864	910	0
911	-30,1455228658864	911	0
912	-30,3080603249591	912	0
913	-30,1982082701646	913	0
914	-30,1982082701646	914	0
915	-30,08835621537	915	0
916	-29,9258187562974	916	0
917,001	-29,9258187562974	917,001	0
918,001	-29,7588000509865	918,001	0
919,001	-29,8159667015029	919,001	0
920,001	-29,5962625919138	920,001	0
921,001	-29,648947996192	921,001	0
922	-29,4864105371193	922	0
923	-29,4864105371193	923	0
924,001	-29,3765584823248	924,001	0
925	-29,2667064275303	925	0
926	-29,3765584823248	926	0
927	-29,3765584823248	927	0
928,002	-29,3193918318084	928,002	0
929	-29,3193918318084	929	0
930	-29,1568543727357	930	0
931	-29,1568543727357	931	0
932	-28,9898356674248	932	0
933	-28,8272982083522	933	0
934	-28,9898356674248	934	0
935	-28,6075940987632	935	0
936,001	-28,7174461535577	936,001	0
937,001	-28,6075940987632	937,001	0
938,001	-28,6075940987632	938,001	0
939	-28,3878899891741	939	0
940	-28,3878899891741	940	0
941	-28,3307233386577	941	0
942	-28,4405753934522	942	0
943	-28,2780379343796	943	0
944	-28,3307233386577	944	0
945	-28,3307233386577	945	0
946	-28,2780379343796	946	0
947	-28,0583338247905	947	0
948	-27,8386297152015	948	0
949	-28,0583338247905	949	0
950	-27,9484817699961	950	0
951	-27,9484817699961	951	0
952	-27,8913151194797	952	0
953,001	-27,6189256056125	953,001	0
954,001	-27,6189256056125	954,001	0
955	-27,6189256056125	955	0
956	-27,5617589550961	956	0
957,001	-27,3992214960234	957,001	0
958	-27,509073550818	958	0
959	-27,2893694412289	959	0
960	-27,342054845507	960	0
961	-27,1795173864344	961	0
962	-27,1795173864344	962	0
963	-27,342054845507	963	0
964	-27,0696653316399	964	0
965	-27,0696653316399	965	0
966	-26,8499612220508	966	0
967	-26,8499612220508	967	0
968	-26,6829425167399	968	0
969,003	-26,7401091672563	969,003	0
970,001	-26,7401091672563	970,001	0
971,001	-26,5204050576673	971,001	0
972,001	-26,6302571124618	972,001	0
973	-26,5204050576673	973	0
974	-26,4105530028727	974	0
975	-26,4105530028727	975	0
976	-26,3533863523563	976	0
977	-26,1908488932837	977	0
978	-26,0809968384892	978	0
979	-26,2435342975618	979	0
980	-25,9711447836947	980	0
981	-26,1908488932837	981	0
982	-25,8612927289002	982	0
983	-25,9711447836947	983	0
984	-25,9711447836947	984	0
984,999	-25,9711447836947	984,999	0
986	-25,8612927289002	986	0
987	-25,8612927289002	987	0
988,001	-25,6415886193111	988,001	0
989	-25,6415886193111	989	0
990,001	-25,5844219687947	990,001	0
991	-25,421884509722	991	0
992	-25,421884509722	992	0
993	-25,3120324549275	993	0
994	-25,3120324549275	994	0
995	-25,3120324549275	995	0
996	-24,982476290544	996	0
997	-24,982476290544	997	0
998	-24,8726242357495	998	0
999,001	-25,0396120787614	999,001	0
1000	-24,8726242357495	1000	0
1001,001	-25,0923283453385	1001,001	0
1002,001	-24,8726242357495	1002,001	0
1003,001	-24,7627721809549	1003,001	0
1004,001	-24,7056055304385	1004,001	0
1005,001	-24,7627721809549	1005,001	0
1006	-24,6529201261604	1006	0
1007,001	-24,595753475644	1007,001	0
1008	-24,5430680713659	1008	0
1009	-24,2135119069823	1009	0
1010	-24,376049366055	1010	0
1011	-24,4332160165714	1011	0
1012	-24,1607956404053	1012	0
1013	-24,156345256466	1013	0
1014	-24,156345256466	1014	0
1015	-24,1036598521878	1015	0
1016	-23,8839557425988	1016	0
1017	-24,1036598521878	1017	0
1018	-23,8839557425988	1018	0
1019	-23,7741036878043	1019	0
1020	-23,9366411468769	1020	0
1021	-23,5016833116381	1021	0
1022	-23,5543995782152	1022	0
1023	-23,5543995782152	1023	0
1024	-23,6070849824933	1024	0
1025	-23,4972329276988	1025	0
1026	-23,2819792020491	1026	0
1027	-23,2248434138317	1027	0
1028	-23,2248434138317	1028	0
1029	-23,1149913590371	1029	0
1030	-23,1721271472546	1030	0
1031	-23,2775288181098	1031	0
1032	-23,1149913590371	1032	0
1033,001	-23,0051393042426	1033,001	0
1034	-23,0622750924601	1034	0
1035,001	-23,0051393042426	1035,001	0
1036,001	-22,8952872494481	1036,001	0
1037,001	-22,8381205989317	1037,001	0
1038,001	-22,8381205989317	1038,001	0
1039,001	-22,675583139859	1039,001	0
1040,001	-22,3460269754755	1040,001	0
1041,001	-22,5657310850645	1041,001	0
1042	-22,3460269754755	1042	0
1043	-22,5657310850645	1043	0
1044	-22,3987123797536	1044	0
1045,001	-22,236174920681	1045,001	0
1046	-22,236174920681	1046	0
1047	-22,236174920681	1047	0
1048	-22,236174920681	1048	0
1049	-22,2888603249591	1049	0
1050	-21,9066187562974	1050	0
1051	-21,9066187562974	1051	0
1052	-22,1263228658864	1052	0
1053,001	-21,9066187562974	1053,001	0
1054	-21,9066187562974	1054	0
1055	-21,9593041605755	1055	0
1056	-21,6869146467084	1056	0
1057	-21,6869146467084	1057	0
1057,999	-21,4672105371193	1057,999	0
1059	-21,2475064275303	1059	0
1060	-21,0804877222193	1060	0
1061	-21,1376543727358	1061	0
1062	-21,3001918318084	1062	0
1063	-21,1376543727358	1063	0
1064	-20,9179502631467	1064	0
1065	-20,9179502631467	1065	0
1066,001	-21,0278023179413	1066,001	0
1067	-21,0278023179413	1067	0
1068	-20,7509315578358	1068	0
1069,002	-20,9706356674249	1069,002	0
1070,001	-20,5356778321861	1070,001	0
1071,001	-20,5883940987632	1071,001	0
1072,001	-20,6982461535577	1072,001	0
1073,001	-20,5883940987632	1073,001	0
1074,001	-20,5883940987632	1074,001	0
1075,001	-20,4785420439686	1075,001	0
1076	-20,5883940987632	1076	0
1077	-20,3115233386577	1077	0
1078,001	-20,2588379343796	1078,001	0
1079	-20,2016712838632	1079	0
1080	-20,0918192290687	1080	0
1081	-20,0391338247906	1081	0
1082	-19,9829039444417	1082	0
1083	-20,148985879585	1083	0
1084	-19,8288099897365	1084	0
1085	-19,8288099897365	1085	0
1086	-19,8829776850595	1086	0
1087	-19,6746867759686	1087	0
1088	-19,6746867759686	1088	0
1089	-19,724664535191	1089	0
1090	-19,5163736261001	1090	0
1091	-19,4122281715547	1091	0
1091,999	-19,6704675808053	1091,999	0
1092,999	-19,5163736261001	1092,999	0
1094	-19,4621766717145	1094	0
1095	-19,2538857626236	1095	0
1096	-19,4122281715547	1096	0
1097	-19,0498140486959	1097	0
1098	-19,1539595032414	1098	0
1099,001	-18,9956463533728	1099,001	0
1100	-19,2039372624638	1100	0
1101,001	-19,0498140486959	1101,001	0
1102,001	-18,9456685941504	1102,001	0
1103,001	-18,9956463533728	1103,001	0
1104,001	-18,9956463533728	1104,001	0
1105,001	-18,8373039444417	1105,001	0
1106,001	-18,787355444282	1106,001	0
1107,001	-18,8915008988274	1107,001	0
1108,001	-18,6332322305141	1108,001	0
1109,001	-18,4249413214232	1109,001	0
1110	-18,7331584898963	1110	0
1111,001	-18,6832099897365	1111,001	0
1112,001	-18,4749190806456	1112,001	0
1113	-18,3707736261001	1113	0
1114	-18,579064535191	1114	0
1115	-18,4749190806456	1115	0
1116	-18,2666281715547	1116	0
1117,001	-18,2666281715547	1117,001	0
1118	-18,1624827170093	1118	0
1119	-18,0083595032414	1119	0
1120	-18,1624827170093	1120	0
1121	-18,0583372624638	1121	0
1122	-18,0583372624638	1122	0
1123	-18,0583372624638	1123	0
1124,003	-17,8500463533729	1124,003	0
1125	-17,8500463533729	1125	0
1126	-17,695923139605	1126	0
1126,999	-17,7459008988274	1126,999	0
1127,999	-17,7459008988274	1127,999	0
1128,999	-17,641755444282	1128,999	0
1130	-17,7459008988274	1130	0
1131	-17,7958493989872	1131	0
1132	-17,5875584898963	1132	0
1133,001	-17,4334645351911	1133,001	0
1134,001	-17,4334645351911	1134,001	0
1135,001	-17,4334645351911	1135,001	0
1136,001	-17,4334645351911	1136,001	0
1137,001	-17,0710504123323	1137,001	0
1138,001	-17,3293190806456	1138,001	0
1139,001	-17,2251736261001	1139,001	0
1140,001	-17,2251736261001	1140,001	0
1141,001	-17,1210281715547	1141,001	0
1142,001	-17,1210281715547	1142,001	0
1143,001	-16,9669049577868	1143,001	0
1144,001	-16,7586140486959	1144,001	0
1145	-16,9669049577868	1145	0
1146,001	-16,7586140486959	1146,001	0
1147	-16,8085918079183	1147	0
1148	-16,9626857626236	1148	0
1149	-16,8085918079183	1149	0
1150	-16,550323139605	1150	0
1151	-16,7044463533729	1151	0
1152	-16,550323139605	1152	0
1153	-16,7044463533729	1153	0
1154	-16,6003008988274	1154	0
1155	-16,6003008988274	1155	0
1156	-16,3920099897365	1156	0
1157	-16,6003008988274	1157	0
1158	-16,3920099897365	1158	0
1159	-16,3920099897365	1159	0
1160	-16,2378867759686	1160	0
1160,999	-16,0295958668777	1160,999	0
1162	-16,1837190806456	1162	0
1162,999	-16,287864535191	1162,999	0
1163,999	-16,1837190806456	1163,999	0
1165	-16,0795736261001	1165	0
1166	-16,0795736261001	1166	0
1167,001	-15,9254504123323	1167,001	0
1168,001	-15,8213049577868	1168,001	0
1169,001	-15,8170857626235	1169,001	0
1170,001	-15,9754281715547	1170,001	0
1171,001	-15,7671372624638	1171,001	0
1172,001	-15,6629918079183	1172,001	0
1173,001	-15,6629918079183	1173,001	0
1174,001	-15,5588463533729	1174,001	0
1175,001	-15,5088685941504	1175,001	0
1176,001	-15,4547008988274	1176,001	0
1177,001	-15,350555444282	1177,001	0
1178	-15,4547008988274	1178	0
1179	-15,350555444282	1179	0
1180	-15,3005776850595	1180	0
1181	-15,4547008988274	1181	0
1182	-15,350555444282	1182	0
1183	-15,2464099897365	1183	0
1184	-15,142264535191	1184	0
1185	-15,2464099897365	1185	0
1186	-15,142264535191	1186	0
1187	-15,0381190806456	1187	0
1188	-14,7798504123323	1188	0
1189	-14,8839958668777	1189	0
1190	-14,7798504123323	1190	0
1191	-14,7798504123323	1191	0
1192	-14,9339736261001	1192	0
1193	-14,7256827170092	1193	0
1194	-14,9339736261001	1194	0
1195	-14,7256827170092	1195	0
1195,999	-14,6757049577868	1195,999	0
1196,999	-14,4674140486959	1196,999	0
1198,003	-14,6215372624638	1198,003	0
1199	-14,6215372624638	1199	0
1200	-14,5173918079183	1200	0
1201	-14,4132463533728	1201	0
1202,001	-14,3091008988274	1202,001	0
1203,001	-14,3091008988274	1203,001	0
1204,001	-14,3091008988274	1204,001	0
1205,001	-14,1549776850595	1205,001	0
1206,001	-14,2049554442819	1206,001	0
1207,001	-13,996664535191	1207,001	0
1208,001	-14,2049554442819	1208,001	0
1209,001	-13,9466867759686	1209,001	0
1210,001	-13,996664535191	1210,001	0
1211,001	-13,8925190806456	1211,001	0
1212,001	-13,8925190806456	1212,001	0
1213,001	-13,7383958668777	1213,001	0
1214	-13,7383958668777	1214	0
1215	-13,996664535191	1215	0
1216	-13,6842281715547	1216	0
1217	-13,6842281715547	1217	0
1218	-13,5800827170092	1218	0
1219	-13,4759372624638	1219	0
1220	-13,4259595032414	1220	0
1221	-13,6842281715547	1221	0
1222	-13,4759372624638	1222	0
1223,001	-13,3717918079183	1223,001	0
1223,999	-13,2676463533729	1223,999	0
1225	-13,3717918079183	1225	0
1226	-13,2176685941504	1226	0
1227	-13,0093776850595	1227	0
1228	-13,0593554442819	1228	0
1229,003	-13,113523139605	1229,003	0
1230	-13,0093776850595	1230	0
1230,999	-13,113523139605	1230,999	0
1232,001	-12,9052322305141	1232,001	0
1232,999	-12,8510645351911	1232,999	0
1234	-12,8510645351911	1234	0
1235	-12,5927958668777	1235	0
1236	-12,8510645351911	1236	0
1237	-12,6969413214232	1237	0
1238,001	-12,8510645351911	1238,001	0
1239,001	-12,6427736261001	1239,001	0
1240,001	-12,6427736261001	1240,001	0
1241,001	-12,6427736261001	1241,001	0
1242,001	-12,6427736261001	1242,001	0
1243,001	-12,4344827170092	1243,001	0
1244,001	-12,4344827170092	1244,001	0
1245,001	-12,5386281715547	1245,001	0
1246,001	-12,2803595032414	1246,001	0
1247,001	-12,3845049577868	1247,001	0
1248	-12,2261918079183	1248	0
1249	-12,3303372624638	1249	0
1250	-12,1220463533729	1250	0
1251	-12,1220463533729	1251	0
1252	-12,0179008988274	1252	0
1253	-12,1220463533729	1253	0
1254	-11,967923139605	1254	0
1255	-11,967923139605	1255	0
1256	-11,967923139605	1256	0
1257	-11,7596322305141	1257	0
1258	-11,9137554442819	1258	0
1259	-11,6554867759686	1259	0
1260	-11,8096099897365	1260	0
1261	-11,8096099897365	1261	0
1262	-11,4971736261002	1262	0
1263	-11,6013190806456	1263	0
1264	-11,4471958668777	1264	0
1265,001	-11,4471958668777	1265,001	0
1265,999	-11,3930281715547	1265,999	0
1267	-11,2888827170092	1267	0
1268	-11,1847372624638	1268	0
1269	-11,0306140486959	1269	0
1270,002	-10,9264685941504	1270,002	0
1271	-11,1847372624638	1271	0
1272	-10,8723008988274	1272	0
1273	-10,8723008988274	1273	0
1274,001	-10,822323139605	1274,001	0
1275,001	-10,7181776850595	1275,001	0
1276,001	-10,9264685941504	1276,001	0
1277,001	-10,822323139605	1277,001	0
1278,001	-10,7181776850595	1278,001	0
1279,001	-10,8723008988274	1279,001	0
1280,001	-10,768155444282	1280,001	0
1281	-10,768155444282	1281	0
1282	-10,6640099897365	1282	0
1283	-10,768155444282	1283	0
1284	-10,559864535191	1284	0
1285	-10,7181776850595	1285	0
1286	-10,5098867759686	1286	0
1287,001	-10,5098867759686	1287,001	0
1288	-10,4557190806456	1288	0
1289	-10,3515736261002	1289	0
1290	-10,3015958668777	1290	0
1291	-10,3015958668777	1291	0
1292	-10,3515736261002	1292	0
1293	-10,3015958668777	1293	0
1294	-10,2474281715547	1294	0
1295	-10,3015958668777	1295	0
1296	-10,3515736261002	1296	0
1297	-9,98915950324135	1297	0
1298	-10,2474281715547	1298	0
1299	-10,1432827170092	1299	0
1299,999	-9,93499180791832	1299,999	0
1301	-10,0391372624638	1301	0
1302	-9,93499180791832	1302	0
1303	-10,0391372624638	1303	0
1304,001	-9,67672313960497	1304,001	0
1305	-9,67672313960497	1305	0
1306	-9,83084635337286	1306	0
1307	-9,83084635337286	1307	0
1308	-9,78086859415043	1308	0
1309,001	-9,83084635337286	1309,001	0
1310,001	-9,62255544428194	1310,001	0
1311,001	-9,7267008988274	1311,001	0
1312,001	-9,62255544428194	1312,001	0
1313,001	-9,51840998973651	1313,001	0
1314,001	-9,51840998973651	1314,001	0
1315,001	-9,41426453519102	1315,001	0
1316,001	-9,51840998973651	1316,001	0
1317	-9,51840998973651	1317	0
1318	-9,26014132142316	1318	0
1319	-9,26014132142316	1319	0
1320,001	-9,31011908064559	1320,001	0
1321	-9,20597362610013	1321	0
1322,001	-8,99768271700924	1322,001	0
1323,001	-8,94770495778681	1323,001	0
1324	-9,15599586687773	1324	0
1325,001	-8,94770495778681	1325,001	0
1326	-8,99768271700924	1326	0
1327	-8,94770495778681	1327	0
1328	-8,94770495778681	1328	0
1329	-8,84355950324135	1329	0
1330	-8,73941404869589	1330	0
1331	-8,73941404869589	1331	0
1332	-8,73941404869589	1332	0
1333	-8,73941404869589	1333	0
1334	-8,5811008988274	1334	0
1335	-8,63526859415046	1335	0
1336	-8,53112313960497	1336	0
1337	-8,53112313960497	1337	0
1338	-8,47695544428194	1338	0
1339	-8,42697768505954	1339	0
1340	-8,5811008988274	1340	0
1341,001	-8,37280998973651	1341,001	0
1342	-8,5811008988274	1342	0
1343	-8,21868677596859	1343	0
1344	-8,32283223051408	1344	0
1345,001	-8,26866453519105	1345,001	0
1346,001	-7,59381404869589	1346,001	0
1347,001	-7,59381404869589	1347,001	0
1348,001	-7,38552313960497	1348,001	0
1349,001	-7,33135544428194	1349,001	0
1350	-7,53964635337286	1350	0
1351	-7,4355008988274	1351	0
1352	-7,4355008988274	1352	0
1353,001	-7,38552313960497	1353,001	0
1354	-7,4355008988274	1354	0
1355	-7,4355008988274	1355	0
1356	-7,28137768505951	1356	0
1357	-7,4355008988274	1357	0
1358	-7,4355008988274	1358	0
1359	-7,53964635337286	1359	0
1360	-7,22720998973648	1360	0
1361	-7,53964635337286	1361	0
1362	-7,33135544428194	1362	0
1363	-7,4355008988274	1363	0
1364	-7,17723223051408	1364	0
1365,001	-7,22720998973648	1365,001	0
1366,001	-7,33135544428194	1366,001	0
1367,001	-7,07308677596865	1367,001	0
1368	-7,01891908064562	1368	0
1369	-7,07308677596865	1369	0
1370	-6,8647958668777	1370	0
1371	-7,07308677596865	1371	0
1372	-6,8647958668777	1372	0
1373	-6,96894132142316	1373	0
1374	-6,81062817155467	1374	0
1375	-6,76065041233227	1375	0
1376	-6,8647958668777	1376	0
1377	-6,76065041233227	1377	0
1378	-6,81062817155467	1378	0
1379	-6,65650495778681	1379	0
1380	-6,81062817155467	1380	0
1381,001	-6,81062817155467	1381,001	0
1382,001	-6,70648271700924	1382,001	0
1383,001	-6,65650495778681	1383,001	0
1384,001	-6,60233726246378	1384,001	0
1385,001	-6,60233726246378	1385,001	0
1386,001	-6,34406859415043	1386,001	0
1387	-6,34406859415043	1387	0
1388	-6,239923139605	1388	0
1389	-6,39404635337286	1389	0
1390	-6,239923139605	1390	0
1391	-6,34406859415043	1391	0
1392	-6,239923139605	1392	0
1393	-6,239923139605	1393	0
1394	-6,13577768505951	1394	0
1395	-6,18575544428197	1395	0
1396	-6,239923139605	1396	0
1397	-6,18575544428197	1397	0
1398,003	-6,03163223051408	1398,003	0
1399	-6,03163223051408	1399	0
1400,001	-5,82334132142319	1400,001	0
1401,001	-5,92748677596862	1401,001	0
1402,001	-5,82334132142319	1402,001	0
1403	-5,92748677596862	1403	0
1404	-5,87331908064559	1404	0
1405	-5,82334132142319	1405	0
1406	-5,66502817155467	1406	0
1407,001	-5,76917362610016	1407,001	0
1408	-5,66502817155467	1408	0
1409	-5,61505041233227	1409	0
1410	-5,7191958668777	1410	0
1411	-5,40675950324135	1411	0
1412	-5,66502817155467	1412	0
1413	-5,56088271700924	1413	0
1414	-5,56088271700924	1414	0
1415	-5,51090495778681	1415	0
1416,001	-5,30261404869589	1416,001	0
1417,001	-5,19846859415043	1417,001	0
1418,001	-5,35259180791829	1418,001	0
1419,001	-5,40675950324135	1419,001	0
1420	-5,19846859415043	1420	0
1421	-5,30261404869589	1421	0
1422	-5,1443008988274	1422	0
1423	-5,24844635337286	1423	0
1424	-5,094323139605	1424	0
1425,002	-5,04015544428196	1425,002	0
1426	-5,04015544428196	1426	0
1427	-4,83186453519102	1427	0
1428	-4,9360099897365	1428	0
1429	-4,8860322305141	1429	0
1430	-5,04015544428196	1430	0
1431	-4,78188677596862	1431	0
1432	-4,67774132142318	1432	0
1433,001	-4,62357362610015	1433,001	0
1434,001	-4,57359586687772	1434,001	0
1435	-4,67774132142318	1435	0
1436,001	-4,83186453519102	1436,001	0
1437	-4,67774132142318	1437	0
1438,001	-4,72771908064558	1438,001	0
1439	-4,62357362610015	1439	0
1440	-4,57359586687772	1440	0
1441	-4,3653049577868	1441	0
1442	-4,51942817155469	1442	0
1443	-4,51942817155469	1443	0
1444	-4,41528271700923	1444	0
1445	-4,51942817155469	1445	0
1446	-4,26115950324134	1446	0
1447	-4,51942817155469	1447	0
1448	-4,20699180791831	1448	0
1449	-4,3653049577868	1449	0
1450	-4,26115950324134	1450	0
1451	-4,26115950324134	1451	0
1452,001	-4,26115950324134	1452,001	0
1453	-4,20699180791831	1453	0
1454	-4,10284635337288	1454	0
1455,001	-4,05286859415045	1455,001	0
1456	-4,10284635337288	1456	0
1457	-3,89455544428193	1457	0
1458	-3,99870089882739	1458	0
1459	-3,99870089882739	1459	0
1460	-3,84457768505953	1460	0
1461	-4,05286859415045	1461	0
1462	-3,68626453519107	1462	0
1463	-3,53214132142315	1463	0
1464	-3,63628677596864	1464	0
1465,001	-3,53214132142315	1465,001	0
1466	-3,68626453519107	1466	0
1467,001	-3,7904099897365	1467,001	0
1468,001	-3,63628677596864	1468,001	0
1469,001	-3,68626453519107	1469,001	0
1470,001	-3,53214132142315	1470,001	0
1471	-3,58211908064558	1471	0
1472	-3,58211908064558	1472	0
1473	-3,53214132142315	1473	0
1474,001	-3,7404322305141	1474,001	0
1475	-3,63628677596864	1475	0
1476	-3,53214132142315	1476	0
1477	-3,53214132142315	1477	0
1478	-3,26968271700923	1478	0
1479	-3,42799586687772	1479	0
1480	-3,42799586687772	1480	0
1481	-3,42799586687772	1481	0
1482	-3,47797362610012	1482	0
1483	-3,32385041233226	1483	0
1484	-3,32385041233226	1484	0
1485	-3,26968271700923	1485	0
1486	-3,2197049577868	1486	0
1487	-3,2197049577868	1487	0
1488,001	-3,26968271700923	1488,001	0
1489	-3,16553726246377	1489	0
1490	-3,06139180791831	1490	0
1491	-3,06139180791831	1491	0
1492	-3,26968271700923	1492	0
1493	-2,90726859415045	1493	0
1494	-2,95724635337285	1494	0
1495	-3,06139180791831	1495	0
1496	-2,85310089882742	1496	0
1497	-2,90726859415045	1497	0
1498	-2,90726859415045	1498	0
1499	-2,69897768505953	1499	0
1500	-3,01141404869588	1500	0
1501,001	-2,59483223051407	1501,001	0
1502,001	-2,80312313960502	1502,001	0
1503,001	-2,80312313960502	1503,001	0
1504,001	-2,80312313960502	1504,001	0
1505	-2,59483223051407	1505	0
1506	-2,69897768505953	1506	0
1507,001	-2,54066453519104	1507,001	0
1508	-2,6448099897365	1508	0
1509	-2,54066453519104	1509	0
1510	-2,49068677596864	1510	0
1511	-2,38654132142315	1511	0
1512	-2,49068677596864	1512	0
1513	-2,17825041233226	1513	0
1514	-2,43651908064561	1514	0
1515	-2,33237362610012	1515	0
1516	-2,38654132142315	1516	0
1517	-2,28239586687772	1517	0
1518	-2,17825041233226	1518	0
1519	-2,22822817155469	1519	0
1520	-2,12408271700923	1520	0
1521	-2,28239586687772	1521	0
1522	-2,0741049577868	1522	0
1523	-1,96995950324137	1523	0
1524	-2,12408271700923	1524	0
1525,001	-1,91579180791831	1525,001	0
1526	-2,01993726246377	1526	0
1527	-1,96995950324137	1527	0
1528	-2,01993726246377	1528	0
1529	-2,01993726246377	1529	0
1530,001	-1,86581404869588	1530,001	0
1531	-1,86581404869588	1531	0
1532	-1,81164635337285	1532	0
1533,001	-1,91579180791831	1533,001	0
1534,001	-1,86581404869588	1534,001	0
1535,001	-1,60335544428196	1535,001	0
1536,001	-1,70750089882742	1536,001	0
1537,001	-1,81164635337285	1537,001	0
1538,001	-1,65752313960499	1538,001	0
1539	-1,60335544428196	1539	0
1540,001	-1,70750089882742	1540,001	0
1541	-1,5533776850595	1541	0
1542	-1,44923223051407	1542	0
1543	-1,60335544428196	1543	0
1544	-1,60335544428196	1544	0
1545	-1,49920998973647	1545	0
1546	-1,29091908064561	1546	0
1547	-1,44923223051407	1547	0
1548	-1,34508677596864	1548	0
1549	-1,44923223051407	1549	0
1550	-1,29091908064561	1550	0
1551	-1,29091908064561	1551	0
1552	-1,18677362610015	1552	0
1553	-1,08262817155466	1553	0
1554	-1,13679586687769	1554	0
1555	-1,08262817155466	1555	0
1555,999	-1,18677362610015	1555,999	0
1556,999	-1,08262817155466	1556,999	0
1558	-1,18677362610015	1558	0
1559	-1,03265041233226	1559	0
1560	-0,874337262463769	1560	0
1561	-1,08262817155466	1561	0
1562,011	-1,18677362610015	1562,011	0
1563	-0,978482717009229	1563	0
1564	-0,666046353372849	1564	0
1565	-0,770191807918337	1565	0
1566	-0,666046353372849	1566	0
1567,001	-0,561900898827389	1567,001	0
1568,001	-0,666046353372849	1568,001	0
1569,001	-0,770191807918337	1569,001	0
1570	-0,666046353372849	1570	0
1571,001	-0,61606859415042	1571,001	0
1572,001	-0,511923139604988	1572,001	0
1573,001	-0,666046353372849	1573,001	0
1574	-0,666046353372849	1574	0
1575	-0,666046353372849	1575	0
1576	-0,561900898827389	1576	0
1577	-0,666046353372849	1577	0
1578	-0,407777685059557	1578	0
1579	-0,561900898827389	1579	0
1580	-0,303632230514097	1580	0
1581	-0,407777685059557	1581	0
1582	-0,561900898827389	1582	0
1583	-0,199486775968609	1583	0
1584	-0,303632230514097	1584	0
1585	-0,303632230514097	1585	0
1586	-0,303632230514097	1586	0
1587	-0,407777685059557	1587	0
1588	-0,0411736261001465	1588	0
1589,003	-0,249464535191038	1589,003	0
1590	-0,145319080645578	1590	0
1591	-0,0953413214231773	1591	0
1591,999	-0,0953413214231773	1591,999	0
1593	-0,199486775968609	1593	0
1594	-0,303632230514097	1594	0
1595,001	-0,249464535191038	1595,001	0
1596,01	-0,0953413214231773	1596,01	0
1597,001	0,108713978130197	1597,001	0
1598	0,00847397813021189	1598	0
1599	-0,0411736261001465	1599	0
1600,001	-0,0411736261001465	1600,001	0
1601,001	0,0606103848786006	1601,001	0
1602,001	-0,0411736261001465	1602,001	0
1603,001	0,0606103848786006	1603,001	0
1604,001	0,108713978130197	1604,001	0
1605,001	0,108713978130197	1605,001	0
1606,001	0,208953978130211	1606,001	0
1607,001	0,108713978130197	1607,001	0
1608	0,208953978130211	1608	0
1609	0,208953978130211	1609	0
1610,002	0,160850384878614	1610,002	0
1611	0,0606103848786006	1611	0
1612	0,160850384878614	1612	0
1613	0,160850384878614	1613	0
1614	0,160850384878614	1614	0
1615	0,160850384878614	1615	0
1616	0,361330384878613	1616	0
1617	0,40943397813021	1617	0
1618	0,461570384878627	1618	0
1619	0,461570384878627	1619	0
1620	0,309193978130196	1620	0
1621	0,261090384878628	1621	0
1622	0,261090384878628	1622	0
1623	0,509673978130223	1623	0
1624	0,361330384878613	1624	0
1625	0,40943397813021	1625	0
1625,999	0,40943397813021	1625,999	0
1626,999	0,361330384878613	1626,999	0
1628	0,509673978130223	1628	0
1629	0,361330384878613	1629	0
1630	0,561810384878612	1630	0
1631	0,60991397813018	1631	0
1632,001	0,461570384878627	1632,001	0
1633,001	0,461570384878627	1633,001	0
1634,001	0,710153978130222	1634,001	0
1635,001	0,561810384878612	1635,001	0
1636,001	0,662050384878626	1636,001	0
1637,001	0,662050384878626	1637,001	0
1638,001	0,461570384878627	1638,001	0
1639,001	0,561810384878612	1639,001	0
1640,001	0,710153978130222	1640,001	0
1641,003	0,710153978130222	1641,003	0
1642,001	0,662050384878626	1642,001	0
1643	0,662050384878626	1643	0
1644	0,810393978130179	1644	0
1645	0,662050384878626	1645	0
1646	0,60991397813018	1646	0
1647	0,710153978130222	1647	0
1648	0,662050384878626	1648	0
1649	0,710153978130222	1649	0
1650	0,561810384878612	1650	0
1651	0,662050384878626	1651	0
1652	0,561810384878612	1652	0
1653	0,762290384878639	1653	0
1654	0,662050384878626	1654	0
1655	0,662050384878626	1655	0
1656	0,762290384878639	1656	0
1657	0,662050384878626	1657	0
1658,004	0,862530384878596	1658,004	0
1659	0,810393978130179	1659	0
1660	0,810393978130179	1660	0
1661	0,662050384878626	1661	0
1661,999	0,810393978130179	1661,999	0
1662,999	1,01087397813021	1662,999	0
1664	0,810393978130179	1664	0
1665	0,862530384878596	1665	0
1666	0,762290384878639	1666	0
1667,001	0,810393978130179	1667,001	0
1668,001	0,962770384878638	1668,001	0
1669,001	0,962770384878638	1669,001	0
1670	1,16325038487861	1670	0
1671,001	0,962770384878638	1671,001	0
1672,001	0,962770384878638	1672,001	0
1673	0,962770384878638	1673	0
1674,001	1,06301038487862	1674,001	0
1675,001	1,06301038487862	1675,001	0
1676,001	1,16325038487861	1676,001	0
1677	1,06301038487862	1677	0
1678	0,962770384878638	1678	0
1679,001	1,16325038487861	1679,001	0
1680	1,26349038487862	1680	0
1681	1,26349038487862	1681	0
1682	1,31159397813019	1682	0
1683	1,11111397813019	1683	0
1684	1,36373038487861	1684	0
1685	1,16325038487861	1685	0
1686	1,36373038487861	1686	0
1687	1,4118339781302	1687	0
1688	1,16325038487861	1688	0
1689	1,56421038487863	1689	0
1690	1,46397038487862	1690	0
1691	1,6123139781302	1691	0
1692	1,46397038487862	1692	0
1693	1,46397038487862	1693	0
1694	1,76469038487863	1694	0
1694,999	1,56421038487863	1694,999	0
1696	1,56421038487863	1696	0
1697	1,46397038487862	1697	0
1697,999	1,71255397813019	1697,999	0
1699	1,91303397813019	1699	0
1700	1,6123139781302	1700	0
1701,001	1,81279397813017	1701,001	0
1702,001	1,76469038487863	1702,001	0
1703,001	1,9651703848786	1703,001	0
1704,001	1,86493038487862	1704,001	0
1705,001	1,9651703848786	1705,001	0
1706,001	1,9651703848786	1706,001	0
1707,001	1,9651703848786	1707,001	0
1708,001	2,11351397813019	1708,001	0
1709,001	1,86493038487862	1709,001	0
1710	2,06541038487859	1710	0
1711,001	1,86493038487862	1711,001	0
1712	2,06541038487859	1712	0
1713	2,06541038487859	1713	0
1714	2,06541038487859	1714	0
1715	2,1656503848786	1715	0
1716	2,1656503848786	1716	0
1717	2,1656503848786	1717	0
1718	2,26589038487862	1718	0
1719	2,3661303848786	1719	0
1720	2,26589038487862	1720	0
1721	2,1656503848786	1721	0
1722	2,3661303848786	1722	0
1723	2,3661303848786	1723	0
1724	2,3661303848786	1724	0
1725	2,3661303848786	1725	0
1726	2,26589038487862	1726	0
1727	2,4142339781302	1727	0
1728,002	2,4142339781302	1728,002	0
1729	2,71495397813021	1729	0
1729,999	2,56661038487863	1729,999	0
1731	2,66685038487861	1731	0
1732	2,56661038487863	1732	0
1733	2,46637038487862	1733	0
1734	2,56661038487863	1734	0
1735	2,56661038487863	1735	0
1736,001	2,56661038487863	1736,001	0
1737,001	2,66685038487861	1737,001	0
1738,001	2,86733038487864	1738,001	0
1739,001	2,91543397813018	1739,001	0
1740,001	2,91543397813018	1740,001	0
1741,001	2,76709038487863	1741,001	0
1742,001	2,76709038487863	1742,001	0
1743,001	2,76709038487863	1743,001	0
1744,001	2,86733038487864	1744,001	0
1745	2,76709038487863	1745	0
1746	2,76709038487863	1746	0
1747	2,76709038487863	1747	0
1748	3,0156739781302	1748	0
1749,001	2,86733038487864	1749,001	0
1750	3,06781038487861	1750	0
1751	2,86733038487864	1751	0
1752	2,96757038487863	1752	0
1753	3,06781038487861	1753	0
1754	3,26829038487861	1754	0
1755	3,06781038487861	1755	0
1756	3,1680503848786	1756	0
1757	3,31639397813021	1757	0
1758	3,1680503848786	1758	0
1759	3,06781038487861	1759	0
1760	3,26829038487861	1760	0
1761	3,31639397813021	1761	0
1762	3,21615397813019	1762	0
1762,999	3,1680503848786	1762,999	0
1763,999	3,36853038487862	1763,999	0
1765	3,36853038487862	1765	0
1766	3,51687397813021	1766	0
1767	3,26829038487861	1767	0
1768	3,26829038487861	1768	0
1769	3,61711397813022	1769	0
1770	3,46877038487861	1770	0
1771,001	3,46877038487861	1771,001	0
1772,001	3,46877038487861	1772,001	0
1773,001	3,36853038487862	1773,001	0
1774,001	3,71735397813018	1774,001	0
1775,001	3,66925038487864	1775,001	0
1776,001	3,56901038487862	1776,001	0
1777,001	3,36853038487862	1777,001	0
1778	3,56901038487862	1778	0
1779	3,56901038487862	1779	0
1780,001	3,56901038487862	1780,001	0
1781	3,56901038487862	1781	0
1782	3,86973038487864	1782	0
1783	3,76949038487862	1783	0
1784	3,76949038487862	1784	0
1785	3,76949038487862	1785	0
1786	3,86973038487864	1786	0
1787	3,86973038487864	1787	0
1788	3,62117495347485	1788	0
1789	3,76949038487862	1789	0
1790	3,96997038487859	1790	0
1791	3,76949038487862	1791	0
1792	3,86973038487864	1792	0
1793	4,17045038487862	1793	0
1794	3,86973038487864	1794	0
1795	4,07021038487864	1795	0
1796	4,07021038487864	1796	0
1797	3,96997038487859	1797	0
1798	4,07021038487864	1798	0
1799	4,21855397813019	1799	0
1800	4,17045038487862	1800	0
1801	4,17045038487862	1801	0
1802	4,17045038487862	1802	0
1803	4,07021038487864	1803	0
1804	4,17045038487862	1804	0
1805	4,17045038487862	1805	0
1806	4,77189038487862	1806	0
1807	4,41903397813022	1807	0
1808,001	4,27069038487861	1808,001	0
1809,001	4,3187939781302	1809,001	0
1810,001	4,37093038487862	1810,001	0
1811,001	4,22261495347485	1811,001	0
1812,001	4,17045038487862	1812,001	0
1813,001	4,12237495347483	1813,001	0
1814	4,42309495347484	1814	0
1815,001	4,47528756077207	1815,001	0
1816	4,27480756077205	1816	0
1817	4,27480756077205	1817	0
1818	4,42726808393485	1818	0
1819	4,22678808393485	1819	0
1820	4,22678808393485	1820	0
1821,001	4,22678808393485	1821,001	0
1822	4,37927640043742	1822	0
1823	4,37927640043742	1823	0
1824	4,17879640043742	1824	0
1825,001	4,37927640043742	1825,001	0
1826	4,37927640043742	1826	0
1827	4,33131238806163	1827	0
1828,001	4,53179238806166	1828,001	0
1829	4,47951640043743	1829	0
1830	4,47951640043743	1830	0
1831	4,33131238806163	1831	0
1832	4,43155238806162	1832	0
1833	4,63203238806162	1833	0
1834	4,48385592489473	1834	0
1835	4,38361592489471	1835	0
1836	4,53179238806166	1836	0
1837	4,48385592489473	1837	0
1838	4,48385592489473	1838	0
1839	4,48385592489473	1839	0
1840	4,38361592489471	1840	0
1841	4,78457592489468	1841	0
1842	4,48385592489473	1842	0
1843,001	4,43594688932779	1843,001	0
1844,001	4,68433592489473	1844,001	0
1845,001	4,68433592489473	1845,001	0
1846,001	4,63642688932782	1846,001	0
1847	4,63642688932782	1847	0
1848,001	4,73666688932781	1848,001	0
1849	4,68433592489473	1849	0
1850	4,88481592489472	1850	0
1851	4,73666688932781	1851	0
1852	4,73666688932781	1852	0
1853	4,83690688932782	1853	0
1854	4,83690688932782	1854	0
1855	4,73666688932781	1855	0
1856	4,88926516005395	1856	0
1857	4,78902516005394	1857	0
1858	4,78902516005394	1858	0
1859	4,88926516005395	1859	0
1860	4,88926516005395	1860	0
1861	4,98950516005394	1861	0
1862	4,78902516005394	1862	0
1863,001	4,78902516005394	1863,001	0
1864,001	4,88926516005395	1864,001	0
1865,001	4,88926516005395	1865,001	0
1866	4,98950516005394	1866	0
1867	4,941650616066	1867	0
1868,002	4,88926516005395	1868,002	0
1869	5,14213061606603	1869	0
1870	4,98950516005394	1870	0
1871	5,08974516005395	1871	0
1872	5,18998516005394	1872	0
1873	4,941650616066	1873	0
1874	5,08974516005395	1874	0
1875,003	5,18998516005394	1875,003	0
1876	5,04189061606604	1876	0
1877	5,14213061606603	1877	0
1878	5,29022516005395	1878	0
1879,001	5,24237061606601	1879,001	0
1880,001	5,14213061606603	1880,001	0
1881,001	5,04189061606604	1881,001	0
1882,001	5,14213061606603	1882,001	0
1883	5,24237061606601	1883	0
1884	5,34261061606603	1884	0
1885	5,39502313665494	1885	0
1886	5,34261061606603	1886	0
1887	5,34261061606603	1887	0
1888	5,44285061606601	1888	0
1889	5,19454313665494	1889	0
1890	5,29478313665496	1890	0
1891	5,54309061606602	1891	0
1892	5,49526313665496	1892	0
1893	5,49526313665496	1893	0
1894	5,49526313665496	1894	0
1895	5,49526313665496	1895	0
1896	5,44285061606601	1896	0
1897,001	5,69574313665495	1897,001	0
1898,001	5,59550313665494	1898,001	0
1899,001	5,54309061606602	1899,001	0
1900,001	5,59550313665494	1900,001	0
1901	5,49526313665496	1901	0
1902	5,69574313665495	1902	0
1903,001	5,54770260140782	1903,001	0
1904	5,69574313665495	1904	0
1905	5,79598313665497	1905	0
1906	5,59550313665494	1906	0
1907	5,59550313665494	1907	0
1908	5,74818260140785	1908	0
1909	5,69574313665495	1909	0
1910	5,59550313665494	1910	0
1911	5,74818260140785	1911	0
1912	5,69574313665495	1912	0
1913	5,64794260140783	1913	0
1914	5,89622313665495	1914	0
1915,001	5,79598313665497	1915,001	0
1916,001	5,89622313665495	1916,001	0
1917,001	5,69574313665495	1917,001	0
1918	5,79598313665497	1918	0
1919	5,74818260140785	1919	0
1920	5,94866260140782	1920	0
1921	5,84842260140783	1921	0
1922	5,94866260140782	1922	0
1923	5,74818260140785	1923	0
1924	5,94866260140782	1924	0
1925	5,94866260140782	1925	0
1926	5,94866260140782	1926	0
1927	5,84842260140783	1927	0
1928	6,04890260140786	1928	0
1929,003	6,19694313665494	1929,003	0
1930	6,14914260140782	1930	0
1931,001	6,14914260140782	1931,001	0
1932,001	6,24938260140783	1932,001	0
1933,001	6,04890260140786	1933,001	0
1934,001	6,14914260140782	1934,001	0
1935	6,04890260140786	1935	0
1936,001	6,04890260140786	1936,001	0
1937	6,14914260140782	1937	0
1938	6,14914260140782	1938	0
1939	6,14914260140782	1939	0
1940	6,24938260140783	1940	0
1941	6,39742313665494	1941	0
1942	6,14914260140782	1942	0
1943	6,34962260140782	1943	0
1944	6,24938260140783	1944	0
1945	6,44986260140783	1945	0
1946	6,24938260140783	1946	0
1947	6,30184889020609	1947	0
1948	6,30184889020609	1948	0
1949	6,2016088902061	1949	0
1950,001	6,34962260140782	1950,001	0
1951,001	6,34962260140782	1951,001	0
1952,001	6,4020888902061	1952,001	0
1953	6,50232889020612	1953	0
1954,001	6,2016088902061	1954,001	0
1955	6,44986260140783	1955	0
1956	6,50232889020612	1956	0
1957	6,55010260140784	1957	0
1958	6,44986260140783	1958	0
1959	6,55010260140784	1959	0
1960	6,55010260140784	1960	0
1961	6,55010260140784	1961	0
1962	6,6025688902061	1962	0
1963,001	6,65034260140783	1963,001	0
1964,001	6,6025688902061	1964,001	0
1965,001	6,55010260140784	1965,001	0
1966,001	6,50232889020612	1966,001	0
1967,001	6,65034260140783	1967,001	0
1968	6,75058260140784	1968	0
1969,003	6,55010260140784	1969,003	0
1970	6,70280889020609	1970	0
1971	6,50232889020612	1971	0
1972	6,75058260140784	1972	0
1973	6,65034260140783	1973	0
1974	6,75058260140784	1974	0
1975	6,8508226014078	1975	0
1976	6,95106260140784	1976	0
1977	6,65034260140783	1977	0
1978	6,90328889020608	1978	0
1979	6,95106260140784	1979	0
1980,002	6,6025688902061	1980,002	0
1981	6,80304889020607	1981	0
1982	6,70280889020609	1982	0
1983	7,05130260140783	1983	0
1984	6,80304889020607	1984	0
1985	6,70280889020609	1985	0
1986	6,8508226014078	1986	0
1987	6,80304889020607	1987	0
1988	6,80304889020607	1988	0
1989	6,80304889020607	1989	0
1990	6,90328889020608	1990	0
1991	7,05130260140783	1991	0
1992	7,0035288902061	1992	0
1993	6,90328889020608	1993	0
1994,001	7,10376889020608	1994,001	0
1995	6,90328889020608	1995	0
1996,001	7,05130260140783	1996,001	0
1997,001	7,10376889020608	1997,001	0
1998,001	7,05130260140783	1998,001	0
1999,001	7,10376889020608	1999,001	0
2000,001	7,0035288902061	2000,001	0
2001,001	7,2040088902061	2001,001	0
2002,001	7,0035288902061	2002,001	0
2003,001	7,10376889020608	2003,001	0
2004	7,2040088902061	2004	0
2005	7,2040088902061	2005	0
2006	7,10376889020608	2006	0
2007	7,0035288902061	2007	0
2008	7,10376889020608	2008	0
2009	7,2040088902061	2009	0
2010	7,30424889020611	2010	0
2011,001	7,10376889020608	2011,001	0
2012	7,10376889020608	2012	0
2013	7,30424889020611	2013	0
2014	7,30424889020611	2014	0
2015	7,2040088902061	2015	0
2016	7,35202260140784	2016	0
2017	7,2040088902061	2017	0
2018	7,15154260140781	2018	0
2019,001	7,30424889020611	2019,001	0
2019,999	7,30424889020611	2019,999	0
2021	7,50472889020611	2021	0
2022	7,50472889020611	2022	0
2023	7,4044888902061	2023	0
2024	7,45226260140782	2024	0
2025	7,50472889020611	2025	0
2026	7,60496889020607	2026	0
2027	7,65274260140782	2027	0
2028,001	7,50472889020611	2028,001	0
2029	7,4044888902061	2029	0
2030	7,50472889020611	2030	0
2031,001	7,50472889020611	2031,001	0
2032,001	7,50472889020611	2032,001	0
2033,001	7,50472889020611	2033,001	0
2034,001	7,60496889020607	2034,001	0
2035,001	7,70520889020611	2035,001	0
2036	7,60496889020607	2036	0
2037	7,80544889020609	2037	0
2038	7,70520889020611	2038	0
2039	7,60496889020607	2039	0
2040	7,70520889020611	2040	0
2041	7,70520889020611	2041	0
2042	7,60496889020607	2042	0
2043	7,80544889020609	2043	0
2044	7,80544889020609	2044	0
2045	7,60496889020607	2045	0
2046	7,80544889020609	2046	0
2047	7,80544889020609	2047	0
2048	7,80544889020609	2048	0
2049	8,00592889020609	2049	0
2050	7,90568889020608	2050	0
2051	7,80544889020609	2051	0
2052	7,90568889020608	2052	0
2053	7,90568889020608	2053	0
2054	7,95346260140781	2054	0
2054,999	7,80544889020609	2054,999	0
2056	7,70520889020611	2056	0
2057,001	8,05370260140785	2057,001	0
2058	8,00592889020609	2058	0
2059	7,90568889020608	2059	0
2060	8,00592889020609	2060	0
2061	7,90568889020608	2061	0
2062,001	8,10616889020608	2062,001	0
2063,001	8,00592889020609	2063,001	0
2064,001	8,00592889020609	2064,001	0
2065,001	7,90568889020608	2065,001	0
2066,001	8,10616889020608	2066,001	0
2067,001	8,00592889020609	2067,001	0
2068,001	8,10616889020608	2068,001	0
2069,001	8,00592889020609	2069,001	0
2070,001	8,10616889020608	2070,001	0
2071,001	8,05370260140785	2071,001	0
2072	8,10616889020608	2072	0
2073	8,20640889020609	2073	0
2074	8,20640889020609	2074	0
2075,002	8,10616889020608	2075,002	0
2076	8,15394260140783	2076	0
2077	8,20640889020609	2077	0
2078	8,10616889020608	2078	0
2079	8,20640889020609	2079	0
2080	8,30664889020611	2080	0
2081	8,10616889020608	2081	0
2082	8,30664889020611	2082	0
2083	8,20640889020609	2083	0
2084	8,30664889020611	2084	0
2085	8,40688889020609	2085	0
2086	8,40688889020609	2086	0
2087	8,30664889020611	2087	0
2087,999	8,20640889020609	2087,999	0
2088,999	8,30664889020611	2088,999	0
2090	8,20640889020609	2090	0
2090,999	8,40688889020609	2090,999	0
2092	8,20640889020609	2092	0
2093	8,20640889020609	2093	0
2094,001	8,30664889020611	2094,001	0
2095	8,30664889020611	2095	0
2096,001	8,40688889020609	2096,001	0
2097,001	8,45466260140782	2097,001	0
2098,001	8,40688889020609	2098,001	0
2099	8,30664889020611	2099	0
2100,001	8,65514260140785	2100,001	0
2101,001	8,5071288902061	2101,001	0
2102	8,60736889020609	2102	0
2103,002	8,5071288902061	2103,002	0
2104,001	8,40688889020609	2104,001	0
2105	8,5071288902061	2105	0
2106	8,65514260140785	2106	0
2107	8,65514260140785	2107	0
2108	8,60736889020609	2108	0
2109	8,55490260140783	2109	0
2110	8,40688889020609	2110	0
2111	8,5071288902061	2111	0
2112	8,40688889020609	2112	0
2113	8,65514260140785	2113	0
2114	8,85562260140784	2114	0
2115	8,70760889020607	2115	0
2116	8,60736889020609	2116	0
2117	8,70760889020607	2117	0
2118	8,80784889020612	2118	0
2119	8,60736889020609	2119	0
2120	8,85562260140784	2120	0
2121	8,5071288902061	2121	0
2122	8,70760889020607	2122	0
2123	8,95586260140783	2123	0
2123,999	8,70760889020607	2123,999	0
2124,999	8,70760889020607	2124,999	0
2125,999	8,70760889020607	2125,999	0
2126,999	8,90808889020607	2126,999	0
2128,001	8,95586260140783	2128,001	0
2129	8,90808889020607	2129	0
2130,001	8,70760889020607	2130,001	0
2131,001	8,80784889020612	2131,001	0
2132,001	8,70760889020607	2132,001	0
2133,001	8,95586260140783	2133,001	0
2134,002	8,75538260140783	2134,002	0
2135,001	8,80784889020612	2135,001	0
2136,001	8,90808889020607	2136,001	0
2137,001	9,05610260140782	2137,001	0
2138,001	9,05610260140782	2138,001	0
2139,001	8,80784889020612	2139,001	0
2140,001	8,90808889020607	2140,001	0
2140,999	9,05610260140782	2140,999	0
2142	9,15634260140786	2142	0
2143	9,00832889020609	2143	0
2144	9,00832889020609	2144	0
2145	9,00832889020609	2145	0
2146	8,90808889020607	2146	0
2147	9,00832889020609	2147	0
2148	8,90808889020607	2148	0
2149	9,05610260140782	2149	0
2150	8,90808889020607	2150	0
2151	9,00832889020609	2151	0
2152	9,1085688902061	2152	0
2153	9,1085688902061	2153	0
2154	9,20880889020609	2154	0
2155	9,1085688902061	2155	0
2156	9,20880889020609	2156	0
2157	9,1085688902061	2157	0
2157,999	8,90808889020607	2157,999	0
2158,999	9,20880889020609	2158,999	0
2160	9,20880889020609	2160	0
2160,999	9,1085688902061	2160,999	0
2162,002	9,20880889020609	2162,002	0
2163	9,20880889020609	2163	0
2164,001	9,20880889020609	2164,001	0
2165,001	9,25658260140781	2165,001	0
2166,001	9,25658260140781	2166,001	0
2167,001	9,25658260140781	2167,001	0
2168,001	9,20880889020609	2168,001	0
2169,001	9,20880889020609	2169,001	0
2170,001	9,20880889020609	2170,001	0
2171,001	9,20880889020609	2171,001	0
2172,001	9,25658260140781	2172,001	0
2173,001	9,35682260140783	2173,001	0
2174,001	9,3090488902061	2174,001	0
2175	9,3090488902061	2175	0
2176	9,45706260140781	2176	0
2176,999	9,40928889020608	2176,999	0
2178,001	9,16106188322385	2178,001	0
2179	9,40928889020608	2179	0
2180	9,40928889020608	2180	0
2181	9,40928889020608	2181	0
2182	9,45706260140781	2182	0
2183	9,40928889020608	2183	0
2184	9,55730260140783	2184	0
2185	9,55730260140783	2185	0
2186,001	9,40928889020608	2186,001	0
2187	9,5095288902061	2187	0
2188	9,40928889020608	2188	0
2188,999	9,40928889020608	2188,999	0
2190	9,36154188322382	2190	0
2190,999	9,46178188322386	2190,999	0
2191,999	9,65754260140784	2191,999	0
2192,999	9,65754260140784	2192,999	0
2193,999	9,5095288902061	2193,999	0
2194,999	9,40928889020608	2194,999	0
2195,999	9,40928889020608	2195,999	0
2197	9,5095288902061	2197	0
2197,999	9,65754260140784	2197,999	0
2199	9,60976889020611	2199	0
2200,001	9,55730260140783	2200,001	0
2201,002	9,75778260140783	2201,002	0
2202,001	9,75778260140783	2202,001	0
2203,001	9,56202188322382	2203,001	0
2204,001	9,60976889020611	2204,001	0
2205,001	9,75778260140783	2205,001	0
2206,001	9,55730260140783	2206,001	0
2207,001	9,7100088902061	2207,001	0
2208,001	9,60976889020611	2208,001	0
2209,001	9,60976889020611	2209,001	0
2210,001	9,7100088902061	2210,001	0
2211	9,7100088902061	2211	0
2212	9,7100088902061	2212	0
2213	9,7100088902061	2213	0
2214	9,60976889020611	2214	0
2215	9,85802260140784	2215	0
2216	9,7100088902061	2216	0
2217	9,7100088902061	2217	0
2218	9,66226188322383	2218	0
2219	9,60976889020611	2219	0
2220	9,85802260140784	2220	0
2221	9,7100088902061	2221	0
2222	9,81024889020608	2222	0
2223	9,7100088902061	2223	0
2224	9,81024889020608	2224	0
2224,999	9,81024889020608	2224,999	0
2225,999	9,76250188322382	2225,999	0
2226,999	9,91048889020612	2226,999	0
2228	9,81024889020608	2228	0
2229	9,76250188322382	2229	0
2230	9,91048889020612	2230	0
2231	9,91048889020612	2231	0
2232	9,95826260140785	2232	0
2233	9,91048889020612	2233	0
2234	9,81024889020608	2234	0
2235,001	9,91048889020612	2235,001	0
2236,001	9,86274188322383	2236,001	0
2237,001	9,86274188322383	2237,001	0
2238,001	9,91048889020612	2238,001	0
2239,001	9,91048889020612	2239,001	0
2240,001	9,96298188322385	2240,001	0
2241,001	10,1109688902061	2241,001	0
2242,001	10,0107288902061	2242,001	0
2243,001	9,91048889020612	2243,001	0
2244	10,0107288902061	2244	0
2245,001	9,91048889020612	2245,001	0
2246	9,96298188322385	2246	0
2247	9,96298188322385	2247	0
2248	9,86274188322383	2248	0
2249	9,91048889020612	2249	0
2250	9,96298188322385	2250	0
2251	9,91048889020612	2251	0
2252	10,1109688902061	2252	0
2253	9,91048889020612	2253	0
2254	9,96298188322385	2254	0
2255	10,1109688902061	2255	0
2256	10,1109688902061	2256	0
2257	10,0107288902061	2257	0
2258	9,96298188322385	2258	0
2259,001	10,2112088902061	2259,001	0
2260,001	10,0632218832238	2260,001	0
2260,999	10,3114488902061	2260,999	0
2262	10,1109688902061	2262	0
2263	10,1109688902061	2263	0
2264	9,96298188322385	2264	0
2265	10,1109688902061	2265	0
2266	10,2112088902061	2266	0
2267	10,0107288902061	2267	0
2268	10,2112088902061	2268	0
2269,002	10,1109688902061	2269,002	0
2270,001	10,2112088902061	2270,001	0
2271,001	10,2112088902061	2271,001	0
2272,001	10,3592226014078	2272,001	0
2273,001	10,4116888902061	2273,001	0
2274,001	10,2112088902061	2274,001	0
2275,001	10,2637018832239	2275,001	0
2276,001	10,2112088902061	2276,001	0
2277,001	10,3114488902061	2277,001	0
2278,001	10,4116888902061	2278,001	0
2279	10,1109688902061	2279	0
2280	10,2112088902061	2280	0
2281	10,2112088902061	2281	0
2282	10,2112088902061	2282	0
2283	10,3639418832238	2283	0
2284	10,1634618832238	2284	0
2285	10,4116888902061	2285	0
2286	10,3114488902061	2286	0
2287,009	10,4641818832238	2287,009	0
2288	10,2637018832239	2288	0
2289	10,2637018832239	2289	0
2290,002	10,3639418832238	2290,002	0
2291	10,3114488902061	2291	0
2292	10,2637018832239	2292	0
2293	10,5119288902061	2293	0
2294	10,2112088902061	2294	0
2295	10,2637018832239	2295	0
2296	10,3639418832238	2296	0
2297	10,3639418832238	2297	0
2298	10,4641818832238	2298	0
2299	10,5119288902061	2299	0
2300	10,4116888902061	2300	0
2301	10,6121688902061	2301	0
2302	10,5119288902061	2302	0
2303	10,4641818832238	2303	0
2304	10,3639418832238	2304	0
2305	10,4641818832238	2305	0
2306,001	10,5119288902061	2306,001	0
2307,001	10,6121688902061	2307,001	0
2308,001	10,4641818832238	2308,001	0
2309,001	10,4641818832238	2309,001	0
2310,001	10,5644218832238	2310,001	0
2311,001	10,4641818832238	2311,001	0
2312,001	10,5119288902061	2312,001	0
2313	10,6121688902061	2313	0
2314	10,5644218832238	2314	0
2315	10,6121688902061	2315	0
2316	10,5644218832238	2316	0
2317	10,4641818832238	2317	0
2318	10,5119288902061	2318	0
2319	10,6121688902061	2319	0
2320	10,4116888902061	2320	0
2321	10,6121688902061	2321	0
2322	10,6121688902061	2322	0
2323	10,7124088902061	2323	0
2324	10,4641818832238	2324	0
2325,001	10,6646618832238	2325,001	0
2326	10,6646618832238	2326	0
2327	10,6121688902061	2327	0
2328	10,7124088902061	2328	0
2329,001	10,6646618832238	2329,001	0
2330	10,7124088902061	2330	0
2331,001	10,7124088902061	2331,001	0
2332	10,5644218832238	2332	0
2333	10,6646618832238	2333	0
2334	10,7124088902061	2334	0
2335	10,8126488902061	2335	0
2336	10,6646618832238	2336	0
2337	10,7124088902061	2337	0
2338	10,8651418832238	2338	0
2339	10,6121688902061	2339	0
2340	10,9128888902061	2340	0
2341	10,5644218832238	2341	0
2342,006	10,7124088902061	2342,006	0
2343	10,7124088902061	2343	0
2344,001	10,8126488902061	2344,001	0
2345,001	10,6646618832238	2345,001	0
2346,001	10,8126488902061	2346,001	0
2347	11,0131288902061	2347	0
2348	10,7649018832238	2348	0
2349	10,8126488902061	2349	0
2350	10,9128888902061	2350	0
2351	10,8651418832238	2351	0
2352	10,7124088902061	2352	0
2353	10,7649018832238	2353	0
2354	10,8126488902061	2354	0
2355	10,8126488902061	2355	0
2356	10,9128888902061	2356	0
2357	11,1133688902061	2357	0
